1500680557586
20000000011954
20000000605586
1500680775485
20000000188526
1500680777311
20000000124715
20000000590862
1500680755883
20000000006608
20000000422480
20000000497307
20000000336828
20000000007670
1500680998785
20000000606972
1500680480789
1500681182897
20000000471864
20000000209982
20000000577948
20000000583239
20000000592149
20000000502670
20000000028164
20000000017021
20000000101946
1500680895870
20000000241888
1500680771020
1500680669006
1500680680418
1500680614105
20000000315561
1500680650240
20000000263316
20000000008111
20000000655906
20000000000768
1500680619182
20000000012071
1500680801710
20000000125607
1500680778159
20000000376528
1500680447048
20000000437188
1500680628867
20000000468021
20000000674293
20000000027273
20000000636376
1500680754498
1500680384606
1500680775486
20000000053931
1500680822203
20000000012846
20000000405101
20000000035616
20000000034725
20000000020865
20000000516487
20000000440625
1500680750483
1500680665442
1500680447994
20000000009453
20000000044977
20000000216165
20000000262876
1500680697122
20000000016086
1500680776421
20000000600681
20000000454161
1500680656489
20000000027274
20000000249188
20000000061951
20000000017022
1500680773254
20000000015691
20000000279086
1500680831114
20000000393502
20000000003162
1500680471150
1500680609706
20000000584627
1500680750033
20000000023539
20000000011956
1500680754543
20000000288815
1500680668567
20000000015240
20000000466240
1500680755885
1500680587530
1500680780382
20000000337441
20000000317795
20000000654241
1500680368696
20000000011505
1500680580627
1500680680419
1500680591319
1500680428833
20000000175603
20000000016582
20000000007177
20000000070366
1500680436401
20000000226011
1500680932248
20000000203692
20000000267052
20000000208598
1500680534367
20000000288491
20000000441517
20000000626576
20000000420529
20000000418973
20000000012847
20000000070410
1500680381934
1500680393193
1500680569215
20000000251734
1500680658810
20000000006781
20000000021801
20000000453271
20000000024925
20000000398859
1500680609382
1500680637327
20000000627962
20000000286538
20000000000769
1500680569667
1500680885125
20000000066858
20000000510197
20000000008069
1500680503623
20000000152339
20000000117310
1500680653410
1500681044460
1500680601589
20000000415850
20000000416741
20000000057948
20000000582846
20000000001705
20000000608306
1500680391736
1500680388794
20000000418028
20000000037076
20000000017023
20000000258099
20000000506237
1500680744248
20000000009950
20000000039353
20000000203242
20000000292325
1500680797367
1500680563870
20000000346352
20000000090464
20000000028661
20000000284801
1500680776423
20000000519701
1500680980462
1500680373592
1500680836192
1500680775037
20000000035618
20000000007673
1500680622577
1500680668612
20000000070411
1500680768855
20000000179619
20000000019751
20000000442409
1500680562484
20000000209534
1500680748758
20000000015241
20000000447486
20000000249189
1500680645347
1500680666335
20000000578067
20000000566808
20000000017970
1500680743358
20000000263319
20000000679741
1500680733601
20000000279088
1500680737616
20000000033062
1500680871310
20000000023261
20000000265272
1500680775489
1500680762564
1500680714071
20000000280248
1500680640442
20000000015242
20000000352095
1500680792011
20000000600684
20000000173779
20000000325365
1500680596398
1500680797368
20000000009951
20000000655909
20000000024152
20000000004055
20000000021308
1500680531740
20000000401045
1500680837408
20000000032946
1500680564267
1500680806790
1500680571890
20000000233592
20000000457288
1500680822701
20000000216168
1500680557634
20000000663153
20000000618108
20000000013460
20000000621672
20000000007179
20000000657367
20000000012849
1500680814638
1500680790681
20000000449765
20000000128004
1500680791572
20000000656972
20000000135132
20000000534850
1500680697126
20000000127113
20000000320460
20000000134241
1500680567887
20000000412233
20000000218446
1500680820876
20000000664045
1500680791121
20000000021804
1500680786721
1500680786226
20000000017025
20000000017520
1500680806791
20000000026430
1500680405291
1500680754546
1500680388840
20000000020418
1500680376762
20000000468520
1500680406506
20000000020913
20000000025990
1500680797413
20000000434112
20000000392119
20000000017971
20000000013461
20000000334320
20000000622113
20000000009952
1500680394906
1500680501843
20000000004100
20000000027772
1500680634657
20000000291887
1500680617728
20000000117763
20000000011959
1500680622129
1500680787118
20000000433178
20000000008567
20000000444860
20000000005443
1500680713182
20000000211264
20000000459611
20000000207304
1500680597335
1500680620798
20000000026431
20000000015244
20000000439019
20000000545994
20000000377595
1500680497543
20000000020419
20000000005399
20000000632366
20000000655631
20000000420253
1500680554512
20000000024154
20000000050317
20000000559359
1500680645070
1500680795632
1500680687777
1500680653369
20000000031606
20000000209988
1500680737618
20000000495251
1500680451057
20000000475154
20000000054052
1500680806792
1500680483232
20000000012571
20000000013462
1500680443984
20000000600686
20000000015695
20000000018863
20000000445300
20000000194318
20000000108854
20000000001880
1500680822209
1500680829112
20000000655632
1500680554513
1500680689604
1500680619188
1500680460463
20000000492084
20000000019755
20000000539758
20000000079056
20000000023264
20000000437238
20000000194319
20000000303984
20000000262926
20000000421596
20000000658756
20000000595044
20000000011230
1500681071518
20000000016587
20000000510740
20000000128006
20000000006830
20000000031283
20000000017478
20000000645787
20000000428823
20000000004058
1500680472992
20000000666775
1500680384783
20000000590869
20000000258642
20000000279135
1500680857184
20000000677962
20000000033065
1500680474324
1500680737296
20000000027775
20000000534853
20000000566038
1500680822705
1500680794699
1500680432843
20000000147169
1500681153167
20000000566489
1500680374488
20000000014355
20000000011231
20000000484066
1500680818421
20000000024200
1500680913263
20000000219060
1500680764070
20000000451819
1500680551797
1500680649582
1500680633813
20000000201014
1500681054266
20000000023265
20000000651123
20000000029106
20000000349976
20000000463078
20000000023760
1500680680596
1500680813471
1500680588427
20000000026389
1500680405294
20000000203742
20000000352099
20000000053938
20000000546931
20000000019800
20000000009180
20000000169994
20000000137368
1500680789848
1500681018626
20000000121770
20000000004103
20000000006831
20000000572771
1500680701151
20000000013960
1500681000301
20000000012079
1500680596447
20000000007723
20000000582077
20000000010792
1500680821815
20000000002773
20000000300862
1500680677528
20000000562024
20000000324974
20000000462683
20000000012123
20000000584354
1500680829565
20000000586587
20000000483671
20000000159743
1500680910140
20000000016633
20000000547779
20000000011232
20000000428825
1500680798308
20000000005897
1500680642229
20000000301258
20000000026885
1500680770137
20000000027325
20000000410455
20000000594650
20000000018910
20000000373907
20000000129845
1500680645073
1500680552238
20000000032176
1500680659384
1500680493036
1500680718630
20000000615935
1500680768905
1500680764846
20000000025499
20000000025048
1500680401280
20000000005446
20000000600689
20000000018866
1500680931408
20000000014356
20000000020918
20000000609375
20000000089850
1500680622628
20000000095141
20000000525170
20000000025544
1500680806796
1500680819314
20000000015248
20000000476544
20000000654744
20000000013510
20000000003665
20000000125787
20000000523712
20000000451497
1500680489979
20000000013466
1500680589040
20000000007724
20000000448923
1500680580355
20000000605360
1500680764072
20000000057675
20000000519384
20000000078663
20000000336107
1500680545282
1500681097630
20000000033068
1500680818379
20000000145884
20000000014357
20000000021809
20000000035345
20000000210377
20000000050816
20000000345963
20000000264431
20000000033563
20000000365114
1500680707895
20000000019802
1500681053421
20000000013015
1500681191086
1500680761228
20000000474312
20000000599558
20000000002324
20000000056334
20000000410501
20000000434569
20000000544701
1500680585757
20000000031331
1500680493533
20000000331202
1500680552735
1500680561645
20000000533965
1500680573228
20000000482782
20000000018417
1500680773758
1500680812088
20000000579181
1500680554517
20000000176223
1500680615177
20000000524109
20000000629022
1500680811197
20000000025545
20000000013016
20000000013511
20000000444865
20000000103458
1500680371862
20000000001433
20000000341454
1500680545283
20000000486346
1500680372258
1500680384336
20000000021035
20000000017526
20000000023268
20000000013467
1500680779275
20000000095593
20000000029604
20000000021486
1500680624582
20000000026436
1500680408465
20000000030396
1500680694954
20000000024159
1500680794746
1500680515386
1500680833572
20000000026437
20000000003667
1500680673967
1500680665173
20000000035842
1500680545284
1500680678593
20000000330268
20000000478779
1500680614782
1500680801397
1500680570600
20000000028714
20000000023269
1500680436087
1500680450667
20000000513913
20000000130684
1500680713683
1500681133569
20000000021531
1500680769024
1500680368470
20000000477437
20000000002325
1500680809191
1500680825058
20000000122665
20000000025546
20000000502726
20000000082174
20000000599559
1500680649586
1500680778709
20000000014403
1500681065952
20000000011686
1500680546175
20000000482332
20000000015745
20000000013468
1500680598727
20000000075541
20000000352147
20000000146326
20000000013512
20000000326803
20000000023314
20000000457061
20000000570542
20000000009509
20000000011731
1500680376490
1500680798483
1500680815302
20000000084001
1500680646012
1500680488360
20000000284531
20000000023765
1500680636167
1500680811243
20000000021488
20000000013513
20000000024700
20000000330313
20000000429891
20000000000049
20000000164598
1500681122427
1500680404001
20000000044302
20000000018419
20000000026889
20000000033610
20000000019030
1500680549344
1500680590159
20000000492909
1500680564040
20000000096035
20000000058118
20000000487734
1500680827336
20000000029282
1500680507412
20000000002326
20000000049659
20000000027824
20000000030398
20000000310667
20000000667716
1500680777990
20000000014080
20000000076433
1500681053424
20000000121776
20000000027050
1500680580359
20000000390066
1500680790239
20000000159748
20000000484611
20000000082220
1500680519942
1500680526575
20000000012128
1500680475392
20000000031334
1500681179606
20000000004280
20000000024206
20000000158082
20000000475657
1500680779322
20000000196279
20000000018915
20000000013019
20000000071808
1500680460514
20000000650733
1500680599791
1500680598729
20000000024701
20000000022424
1500680921332
1500680645573
20000000516264
1500680393744
20000000130730
20000000287205
20000000003713
20000000012579
20000000317076
1500680535485
1500680383943
1500680549345
20000000659374
20000000013514
20000000014856
20000000023315
20000000338839
1500680707943
1500680376491
20000000058119
1500680775263
20000000020147
1500680436133
20000000096487
1500680381710
1500680815303
20000000251466
1500680694506
1500680554691
1500680668343
20000000672117
1500680383899
20000000242601
20000000130236
20000000052774
20000000029608
20000000035845
20000000026935
1500681096249
20000000650734
20000000538144
20000000033568
20000000012624
20000000480553
1500680551073
20000000461347
20000000129076
1500680444928
1500680624630
1500680480612
20000000277405
20000000032226
20000000063466
1500680797099
20000000448928
1500680944554
20000000052323
20000000435508
20000000019032
20000000023767
1500680646465
20000000297953
1500680792968
20000000537253
1500680815304
20000000095641
20000000024702
20000000013515
20000000111976
20000000281860
1500680699133
1500680709726
1500680818428
20000000473425
1500680478110
20000000015748
20000000512250
20000000536362
20000000395512
20000000566260
1500680548950
20000000548396
20000000485504
20000000602198
1500680602301
1500680566276
20000000011239
20000000508247
20000000309059
20000000227131
1500680754277
20000000070919
20000000260873
20000000137140
20000000013967
20000000436076
1500680680648
20000000095642
1500680568102
20000000018917
20000000431945
1500680794471
1500680437521
20000000642716
20000000027052
20000000280475
20000000339452
20000000608534
20000000479718
20000000029780
20000000313838
1500680421708
1500680694184
20000000007450
20000000003391
20000000274733
1500681060555
1500680620121
1500680527468
20000000462734
1500680392855
20000000506465
20000000211813
20000000018593
20000000154349
20000000401272
20000000028394
20000000485180
20000000019033
20000000004282
20000000018142
20000000010799
20000000658485
1500680765464
20000000152612
1500680803228
20000000029330
1500680631760
20000000420803
20000000345690
20000000010349
1500680393747
20000000076888
20000000521937
1500680762792
20000000475380
20000000247509
1500680566277
1500680563928
1500680703887
1500680402223
20000000130238
20000000032723
20000000012626
20000000031788
20000000576063
20000000371358
20000000019034
20000000639324
20000000018143
1500680982473
20000000428553
20000000622791
1500680869767
1500680811742
1500680368970
1500680806072
20000000028395
20000000315341
20000000569881
1500680475890
20000000149175
20000000030941
20000000470303
20000000018594
20000000301481
20000000013517
20000000646452
20000000071487
20000000665163
1500680821994
20000000018099
1500680779776
1500681098979
1500680535038
20000000095644
1500680680370
20000000402660
20000000024705
20000000470755
20000000019035
1500680367909
1500680940047
1500680798983
1500680538657
20000000272007
20000000024381
1500680600521
20000000051886
1500680537810
20000000673183
1500680806073
20000000023814
20000000005670
20000000063018
1500680507093
20000000122391
1500681135572
20000000010845
20000000010070
20000000536860
1500680775311
20000000287209
20000000491699
20000000280521
20000000349750
20000000599609
1500680794473
20000000013194
1500680785563
1500680719250
20000000423928
20000000017253
20000000082224
1500680958418
20000000456220
20000000003718
20000000658532
20000000018596
20000000314452
1500680562264
20000000050545
20000000173602
1500680794474
1500680520288
1500680379169
1500680398870
1500680550230
20000000030943
20000000031339
1500680549845
20000000506512
20000000397749
20000000010846
1500680602304
1500680474055
20000000004285
20000000563915
1500680810853
1500680392407
20000000014581
20000000018145
20000000004780
20000000319853
20000000024382
1500680836747
20000000457111
1500680675520
20000000004609
20000000017254
1500680596177
1500680588158
1500680745090
20000000318467
1500680575233
20000000009236
1500680724878
20000000021539
1500680479501
20000000506018
20000000007003
20000000026165
1500680686664
1500680811745
20000000016364
20000000635268
20000000076935
20000000029784
20000000449049
20000000104122
20000000652692
1500680571175
1500680396918
20000000195889
1500680796301
20000000092522
20000000006112
20000000336288
20000000008840
1500680646965
1500680634436
20000000015022
20000000545772
1500680445995
20000000031835
1500680524843
20000000011738
20000000589530
20000000617899
1500680776655
20000000239169
1500680764126
1500680590381
20000000050546
1500680584919
20000000003395
20000000442361
1500680838250
20000000030449
20000000001937
20000000383934
1500680465597
20000000559633
1500680621017
1500680461907
1500680720413
1500680779329
1500680481680
20000000493528
20000000025275
1500680871993
20000000567201
20000000034185
1500680369090
20000000506965
1500680764127
1500680773488
1500680835407
20000000457113
20000000029334
20000000018642
1500680683992
20000000014907
1500680687600
20000000514489
1500680794476
20000000027552
20000000499540
1500680416538
20000000004331
20000000102341
1500680537813
20000000563142
20000000271119
20000000169771
20000000010848
1500680657658
20000000287383
1500680635779
20000000480603
20000000589982
1500680993213
20000000003440
1500680403569
20000000102298
20000000115311
1500680528580
20000000124672
20000000672296
1500680705718
1500680812638
20000000029786
1500680561871
1500680677305
20000000507901
1500680790462
20000000330493
1500680785611
20000000452164
20000000340294
1500680526627
1500680681265
20000000003441
20000000019039
20000000147893
1500680809245
20000000016366
20000000200352
20000000307327
20000000342571
1500680394363
1500680660772
20000000004332
1500680688448
20000000635765
20000000332275
20000000015024
1500680501129
20000000583691
20000000031837
20000000030171
20000000480280
20000000080941
1500680797645
1500680704052
20000000354154
1500680764128
20000000008842
20000000114376
20000000136750
1500680543600
1500680560485
20000000268222
20000000029830
20000000311287
20000000153959
20000000260428
20000000013242
20000000014584
1500680466985
20000000613435
20000000053393
20000000029336
1500680671014
1500681091071
20000000030172
20000000061736
20000000258873
20000000147399
20000000216446
20000000657645
20000000008843
1500680542215
20000000262706
20000000418758
20000000127346
20000000016367
20000000631256
1500680680375
20000000068919
20000000635766
20000000007952
1500680774425
1500680537815
1500680611669
20000000420980
1500680554744
20000000007457
20000000544389
20000000327425
20000000093092
1500680597567
1500680438914
20000000043916
20000000027554
1500680521227
1500680557093
1500680593101
20000000025277
20000000312179
1500680829343
20000000481947
20000000655863
1500680745094
1500680487523
1500680830008
20000000465909
20000000332320
1500680761005
1500680437528
20000000004334
20000000509361
1500680572114
20000000023496
1500680611219
20000000114422
20000000105468
20000000011011
20000000477664
20000000007007
20000000154077
20000000019536
20000000487014
1500680395751
20000000445533
1500680891642
1500680773535
20000000640167
20000000605418
20000000010120
1500680606044
20000000007502
1500680721802
20000000013695
20000000315799
1500680680376
20000000002101
1500681083828
20000000391182
1500680580133
20000000498157
1500680550686
20000000014586
1500680575689
20000000018645
1500680644736
20000000287386
20000000405339
20000000022929
20000000029832
20000000268675
20000000035574
20000000007458
1500674071405
1500680529473
20000000006611
20000000017754
20000000065022
20000000079333
1500680928246
1500680680421
1500680825781
1500680595336
20000000075274
20000000299465
20000000085075
20000000034684
20000000672794
1500680826672
20000000008845
20000000105964
20000000406726
20000000000771
1500680904134
20000000300598
1500680572115
1500680921063
20000000015478
1500680554746
20000000020373
20000000642445
20000000098990
1500680560037
1500680393475
1500680816871
1500680637285
20000000327427
1500680738012
20000000004335
20000000014631
1500680618574
1500680386798
1500681021025
20000000100068
20000000560022
1500680562766
20000000254861
20000000117999
20000000028448
1500680782447
20000000621458
1500680643072
1500680680378
1500680828455
1500680740515
1500680374765
1500680663449
20000000030175
20000000462013
20000000014137
20000000456678
20000000006613
20000000433952
1500680790961
1500680838300
20000000008846
20000000209041
20000000263320
20000000030670
20000000020374
1500680974183
20000000031561
1500680422329
20000000135863
1500680400945
1500681010334
20000000004787
1500680401836
20000000183086
20000000004336
20000000524834
20000000065023
20000000614050
1500680677804
1500680780665
20000000542654
20000000015479
20000000119050
1500680626594
20000000005678
1500680634937
1500680749651
20000000461078
20000000176453
20000000239714
1500680491486
1500681126714
20000000148337
20000000021265
20000000601405
20000000133630
20000000004337
20000000021310
20000000672796
20000000327429
20000000350595
1500680746033
20000000034730
20000000008847
20000000192816
20000000025820
1500680548682
1500680618125
20000000102798
20000000312227
20000000012400
20000000209493
20000000031562
20000000148338
20000000656802
1500680776382
1500680390353
1500680413140
20000000578070
20000000027602
20000000164871
20000000480609
20000000099883
20000000013247
1500680830183
20000000664777
20000000029060
20000000209042
1500680775040
1500680648474
20000000260153
1500680835908
20000000023543
1500680873050
1500680737574
20000000377875
20000000017306
20000000676404
1500680540932
20000000224018
20000000001169
1500680681765
1500680595833
1500680669462
20000000443754
20000000200401
1500680582369
20000000031067
1500680871999
20000000641556
20000000460683
20000000509860
20000000296795
1500680402729
1500680637783
1500680570787
20000000542700
20000000034236
20000000065025
20000000156358
1500680788461
20000000024886
20000000246844
20000000024930
20000000536590
20000000175069
20000000021311
20000000002105
1500681097863
20000000600967
1500680714354
1500680523680
20000000430830
1500680422051
1500680702276
1500680404231
20000000006291
20000000011466
1500680637288
1500680849940
1500680382335
20000000031068
20000000398864
20000000487964
20000000145666
20000000008073
20000000675019
1500680699361
1500680801221
20000000006615
1500680815488
1500680737575
1500680673747
20000000047205
20000000248626
1500680405122
20000000021267
1500680716587
20000000273079
1500680484404
1500681020632
20000000551610
20000000332325
20000000132246
20000000102799
20000000481221
20000000002556
20000000033345
1500680838302
1500680818657
20000000509410
20000000033346
1500680760615
20000000032950
20000000364952
20000000018370
1500680516102
1500680811474
20000000408188
20000000017759
1500680385504
20000000320699
1500680599075
1500680560987
1500680815489
1500680647585
20000000267338
1500680840805
1500680780712
20000000480331
20000000374258
20000000177347
1500680564271
20000000424270
20000000106859
1500680821275
20000000380044
1500680591820
1500680790964
20000000331930
1500680769751
20000000461620
1500681062114
1500680617731
20000000454943
20000000022203
20000000393464
20000000017308
20000000028946
1500681081321
20000000073497
1500680868202
1500680785790
20000000021269
20000000446925
20000000354701
20000000361334
1500680424781
20000000288822
1500680382788
20000000313292
20000000011512
1500680848600
20000000404174
20000000011963
20000000323868
1500680776385
20000000007959
1500680586151
20000000115490
20000000028947
1500680614069
20000000004060
1500680724652
1500680733111
20000000172442
20000000672799
20000000013745
20000000066369
1500681073302
20000000070373
1500680372536
20000000137649
20000000536916
20000000586092
1500680770417
1500680683270
1500680840806
20000000002107
20000000023546
20000000022204
20000000022700
20000000324480
20000000011964
20000000011513
20000000002108
1500681087614
20000000012855
20000000387229
1500680423440
1500680635102
20000000008120
20000000526341
1500680708291
20000000167548
1500681187901
20000000016419
20000000340347
20000000501618
1500680599121
20000000089635
20000000032501
1500680680427
20000000192540
1500680720918
20000000241446
1500680754551
20000000354207
1500680661716
20000000516991
20000000020874
1500680838305
1500680737578
1500680470998
20000000148062
20000000010127
20000000628366
20000000541812
20000000406001
20000000007509
1500680956412
1500681140524
20000000307551
1500680762570
20000000045426
20000000321636
1500680972450
20000000142545
1500680415872
20000000070374
1500680676918
20000000028948
1500680780714
20000000078448
20000000027282
1500680813302
20000000014637
20000000424272
20000000053896
20000000235704
20000000519664
1500680757675
1500680608779
1500680849943
20000000022656
20000000026391
20000000096268
1500680573184
20000000030676
1500680769303
1500680700498
20000000419422
1500680435024
1500680375706
1500680549578
1500680687287
20000000609656
20000000350149
1500680568289
20000000315571
20000000051169
1500680384616
20000000514264
1500680381899
20000000431725
20000000027607
1500680752770
20000000036517
1500680666794
20000000016140
20000000021810
20000000006619
20000000287438
20000000136804
20000000536918
1500680737623
20000000546719
20000000099888
1500680574075
20000000021315
1500680395803
20000000079060
20000000041863
20000000017482
1500680466264
20000000002604
20000000016591
20000000020424
1500680775045
20000000274964
20000000036193
20000000018373
20000000554738
20000000254911
1500680497828
1500680648523
1500680705899
20000000261049
20000000677020
20000000335948
20000000108364
20000000542705
1500680642683
20000000012082
20000000020425
20000000307058
20000000505355
1500680916391
20000000351536
20000000035627
20000000332050
20000000463082
20000000647123
1500680463141
20000000172940
20000000395745
1500680629813
20000000329883
20000000112649
20000000241448
20000000018374
20000000050279
1500680838307
20000000224690
1500681002042
1500680798762
1500680421660
20000000310946
20000000030677
20000000327650
1500680741908
20000000651858
20000000029066
1500680801677
1500680407080
1500680789852
20000000443309
20000000012857
1500680768864
20000000008078
20000000099889
20000000434075
20000000577185
20000000357053
20000000516047
20000000468032
1500680775046
1500680680924
20000000677021
20000000390795
20000000629754
1500680653375
1500680371648
1500680985872
1500680379442
20000000016097
20000000025826
20000000514760
20000000279141
1500680645357
1500680896773
20000000676906
20000000230801
1500680766137
1500681097913
1500680455079
20000000027780
1500680756831
20000000041865
20000000497491
1500680436412
1500680838308
20000000520052
20000000028176
20000000597283
20000000621681
20000000450933
1500680770592
1500680817491
20000000515201
20000000016593
20000000506247
1500680718590
20000000002282
1500680597298
1500680662330
20000000021317
20000000022208
20000000028671
1500680737625
20000000016142
20000000655594
20000000577230
20000000016098
20000000338343
20000000009465
1500680659217
20000000028220
20000000012083
20000000185415
1500680537546
1500680653376
20000000006341
20000000246075
1500680563385
20000000485737
20000000032504
1500680834745
20000000018376
20000000020878
20000000408733
1500680599620
20000000212163
1500680404733
20000000093643
20000000519217
20000000650194
1500680775048
20000000000825
20000000445264
20000000283426
20000000012408
20000000031290
20000000062854
1500680819274
20000000105694
20000000131901
20000000674350
1500680837913
20000000494648
20000000468485
1500680639292
20000000639106
1500680830730
20000000279142
20000000029563
20000000599561
20000000017809
20000000560978
1500680822667
20000000003949
20000000009466
20000000028177
1500681158574
20000000028672
1500680738193
20000000579013
20000000008575
1500680836527
20000000160369
20000000015252
20000000350647
20000000418534
1500680370308
1500680566059
1500681097914
20000000000050
20000000021813
1500680632389
1500680661440
20000000181358
1500680418270
20000000000826
20000000283427
20000000018872
20000000107477
20000000105695
20000000017530
20000000032506
20000000022705
20000000623960
20000000034739
20000000011969
1500680793364
1500680590161
20000000056294
1500680778712
20000000655640
1500680653378
20000000129851
20000000198062
1500680756789
1500680731786
1500680957308
20000000021490
1500680769758
20000000011518
20000000026440
1500680689612
20000000449775
20000000490634
20000000017035
20000000051217
20000000008125
20000000008620
20000000263050
1500680806350
1500680702823
1500680775049
20000000558972
20000000374480
1500680783112
20000000009962
20000000002608
1500680526900
1500680665500
20000000028222
1500680444884
20000000012904
20000000017486
1500680467159
20000000028673
20000000009467
1500680566104
1500680532643
1500680663675
20000000402894
1500680754601
20000000599563
20000000036242
20000000052604
1500680731787
20000000586918
20000000194779
20000000249697
20000000259542
20000000445310
1500680572342
20000000153738
1500680548736
20000000002780
20000000365076
1500680748040
20000000243729
20000000209998
20000000021815
1500680784004
1500680737628
20000000017487
20000000612774
1500680701933
20000000011690
20000000324486
1500680622634
20000000291942
20000000471924
20000000192546
20000000667224
1500680740741
20000000017531
20000000499320
20000000019313
20000000609381
20000000432297
1500680433247
1500680661442
1500680416813
1500680554522
20000000008126
1500681068585
1500680538160
1500680609396
20000000441251
20000000027288
20000000012905
20000000656037
20000000026441
1500680665457
1500680599127
20000000283428
20000000004563
1500680488149
20000000016146
20000000005454
20000000663661
20000000549613
20000000294292
20000000581194
1500680620358
20000000000828
1500680368304
20000000316512
20000000036694
20000000014364
1500680380607
1500680653424
20000000023274
20000000433189
20000000104850
1500680822714
1500680818881
20000000345970
20000000509590
1500680463597
20000000624853
1500680742524
1500680421214
20000000600697
20000000472041
20000000062082
20000000025551
1500680390408
1500680650300
20000000019765
1500680562047
20000000213552
20000000471150
20000000138268
20000000512983
1500680418272
1500680473442
20000000029115
20000000496153
20000000027333
20000000021816
20000000009513
20000000203751
1500680737629
1500680570562
1500680817496
20000000548723
1500680375433
1500680542446
20000000005455
1500680412305
20000000142273
20000000017489
20000000236774
20000000016598
1500680832516
1500680634714
1500680539053
20000000010350
20000000002782
1500680603925
20000000393194
20000000024661
1500680812590
20000000283150
20000000587531
20000000014365
20000000334333
1500680520611
20000000005950
1500680809521
20000000140040
20000000041590
20000000297461
20000000432343
20000000160417
1500680650257
20000000033571
20000000235883
20000000031294
20000000034011
20000000606539
1500680519000
20000000128963
1500680564325
20000000667226
1500680744802
20000000017533
20000000520057
20000000021042
20000000191206
20000000021493
20000000036244
20000000001891
20000000020926
20000000332100
1500681144762
20000000588874
1500680751887
20000000024211
20000000007238
1500680388854
20000000014366
1500680640501
20000000016599
1500680774657
20000000022880
20000000116886
1500680573236
20000000047388
20000000019811
1500680550015
20000000334334
20000000443982
20000000502689
20000000599566
1500680839420
1500680719487
1500680416492
20000000031619
20000000458689
20000000009191
20000000271848
1500680651644
20000000568821
20000000468039
1500681080160
20000000510752
20000000614559
20000000389730
1500680545291
20000000137379
1500680780894
20000000028721
20000000017534
20000000382827
20000000021494
1500680373157
20000000227865
1500680798319
1500680680652
1500680545292
20000000565159
1500680761733
20000000027787
20000000151680
20000000022881
20000000331662
1500680420326
20000000657427
20000000605370
20000000383719
20000000026896
1500681161198
20000000306219
20000000576841
1500680554526
20000000020928
20000000403833
20000000589766
20000000017535
20000000266674
1500680482850
20000000058125
20000000451056
20000000021044
1500680585315
20000000330276
1500680669196
1500680682434
20000000250086
20000000333895
20000000027336
1500680652536
20000000015258
20000000022386
20000000002784
20000000147676
20000000458239
20000000639608
20000000041917
20000000002334
20000000412744
1500680600480
20000000022387
20000000508252
1500680686170
1500680749387
1500680734509
20000000465412
20000000028228
20000000475664
20000000021045
20000000575951
1500680805960
20000000029614
1500680955252
1500680793414
1500680378280
20000000000057
1500680540711
20000000263100
1500680388900
20000000030450
20000000465863
20000000017987
1500680649919
20000000465368
20000000024664
20000000353498
20000000014368
20000000385222
20000000582908
20000000352200
1500680842040
20000000018427
20000000461353
20000000371362
1500680827795
20000000445315
1500680523738
20000000440860
20000000019769
1500680438373
20000000230809
1500680632160
1500680817543
20000000578624
20000000515380
20000000143662
20000000025104
20000000018878
20000000023278
20000000110145
1500680690455
20000000097386
1500680590168
1500680776162
1500680703892
1500680764084
1500680876729
20000000389689
20000000420269
20000000672125
20000000266676
20000000035852
20000000011740
20000000540202
20000000002830
20000000271120
20000000289897
1500680604496
1500680390089
20000000243455
1500680977088
20000000393242
20000000646737
1500680640504
20000000346910
20000000247965
20000000130199
20000000197178
20000000277368
1500680485525
1500680376779
20000000546945
1500680780897
1500680554528
20000000262661
20000000023323
1500680824177
20000000130243
20000000009194
1500680530092
1500680653429
1500680754283
20000000338847
20000000026448
20000000277369
20000000645072
20000000302207
20000000024666
20000000634209
20000000231422
1500680788241
20000000015756
20000000018429
20000000022389
20000000379933
20000000024215
20000000573720
20000000101732
1500680554529
1500680765020
20000000458737
1500680608556
20000000038977
20000000345976
20000000673017
20000000030001
20000000584368
20000000263058
20000000013028
1500680674094
1500680435251
20000000674403
20000000462697
20000000608541
1500680782724
20000000383398
1500680381675
1500680730947
1500680506531
1500680540669
20000000014865
20000000223403
1500680794802
20000000000059
20000000304160
20000000548728
20000000013974
1500680630380
20000000002336
1500680823782
20000000465414
20000000470265
20000000029293
1500680657210
20000000012633
1500680780899
1500680605433
20000000574568
20000000440368
20000000033126
1500680391972
20000000003723
20000000648692
20000000472499
1500680411096
20000000271078
20000000473434
1500680616620
1500680743593
20000000351268
20000000263059
1500680768596
20000000121786
1500681040510
20000000012589
20000000278756
1500680769036
1500680778397
20000000506022
20000000672127
20000000010400
20000000057238
1500680620409
20000000287666
20000000355778
1500680420825
20000000011698
20000000005505
1500680529302
1500680671746
20000000011247
1500680649642
1500680690457
1500680575969
20000000007738
20000000035403
20000000000104
1500680528411
20000000121830
20000000023776
20000000621736
20000000014091
20000000546947
1500680552748
1500680472558
20000000095200
20000000033127
20000000649584
1500680466817
20000000019817
1500680787352
20000000260882
20000000020158
1500680630382
20000000013976
1500680596183
20000000665946
20000000196785
1500681090462
20000000027836
20000000011248
1500680748995
1500680773816
1500680820165
1500680661946
1500680739634
20000000410191
1500680778442
20000000034964
1500680692735
20000000407573
1500680928526
20000000001942
1500680660604
1500680826501
20000000122678
20000000634382
20000000264941
1500680834476
1500680769037
20000000015802
20000000061243
1500680815314
1500680805469
1500680989213
20000000543824
20000000025108
20000000026170
20000000506474
1500680392413
20000000227140
1500680505147
1500680776660
1500680769532
20000000304162
20000000674856
20000000163763
20000000024217
20000000516275
1500680604994
20000000249470
1500680393800
20000000579196
1500680827349
1500681073985
1500680611672
1500680580091
1500680382569
20000000019818
1500680597075
20000000147726
20000000031797
1500680542174
20000000021996
1500680815315
1500680981140
20000000023778
1500681144490
20000000033128
1500681139144
1500680817999
1500680785571
1500681031558
20000000030004
1500680700321
1500680614345
1500680657212
20000000121788
1500680486915
1500680548961
1500680533264
20000000002339
1500680835412
20000000135648
20000000428562
1500680924468
20000000595602
20000000456958
20000000527012
20000000386614
20000000011745
20000000658540
20000000322308
1500680755674
1500680911049
1500680826954
1500680482857
1500680797155
1500680635334
1500680888488
20000000263106
20000000029296
20000000332604
20000000007461
20000000142326
20000000506025
1500680680659
20000000535483
1500680780946
1500681172436
20000000079291
20000000034515
1500680776662
1500680710079
1500680863485
20000000227917
20000000391014
20000000024390
1500680754332
20000000584092
20000000010403
1500680836304
1500680617965
1500680815316
20000000010854
20000000325927
1500680665188
20000000492148
20000000014094
20000000009199
1500680763693
20000000522063
20000000240831
20000000515430
20000000023328
1500680752055
20000000293005
20000000499052
1500680787355
1500680453076
20000000347807
1500680734687
20000000196788
1500680751660
20000000679809
20000000558254
20000000419159
20000000092530
20000000253306
20000000014590
20000000007462
1500680716092
1500680775277
20000000017263
20000000034516
1500680401343
20000000119288
20000000569892
20000000013979
20000000015805
1500680775321
20000000143713
20000000030006
20000000014419
20000000387957
1500680815317
20000000353549
1500680515446
20000000480566
20000000145946
20000000595604
20000000281422
1500680735127
1500680913822
20000000023824
1500680528910
20000000419654
20000000036749
20000000229871
20000000510481
1500680834029
1500680487034
20000000022439
20000000374538
20000000015806
20000000485517
1500680697860
20000000635772
20000000088978
1500680840761
1500680895211
20000000029342
1500680517724
1500680735128
1500680775322
1500680727280
20000000019497
20000000023050
20000000016373
1500680680381
20000000330824
20000000409854
20000000038252
20000000301817
20000000011747
20000000021999
20000000020657
20000000026174
1500680424565
20000000004619
1500680740023
20000000264170
1500680663001
20000000024716
1500680399320
20000000014591
1500680399276
20000000465096
1500680897895
20000000034193
1500680934767
20000000525189
20000000006121
1500680645588
20000000473439
20000000118893
20000000543053
20000000184800
20000000253759
20000000598450
20000000151734
1500680502479
20000000041646
20000000125571
20000000139882
20000000186538
1500680756117
1500680680706
20000000144282
1500680446940
1500680403578
1500680840762
20000000394636
1500680529308
20000000011748
1500680775323
20000000007464
20000000267295
1500680618859
20000000335451
1500681144494
1500681073989
1500680642465
1500680445103
1500680822942
20000000004340
20000000301818
20000000545287
20000000607206
1500680740475
20000000026175
20000000027110
1500680502523
1500680830961
20000000008850
1500680669745
1500681144043
20000000470811
20000000024717
1500680657667
1500680432585
20000000648742
20000000025608
20000000019047
20000000006574
20000000457574
1500680778899
20000000017761
20000000029344
1500680502975
20000000004297
20000000025609
20000000014593
1500680636724
20000000451606
20000000022936
1500680775324
1500680974468
20000000339511
20000000149684
20000000028453
1500680404190
1500681109746
1500680377443
20000000082732
1500680718372
1500680373384
1500680401797
20000000020208
1500680524359
20000000448664
20000000018652
1500680754336
20000000030180
20000000277916
1500680624646
20000000410692
1500680519959
20000000026220
20000000005683
1500680544456
20000000007465
1500680821106
1500680387244
20000000015484
1500680716419
20000000371416
1500680503091
20000000016375
20000000034195
20000000010902
20000000459356
1500681057221
20000000074218
1500680402237
20000000026671
1500680522577
1500680805240
1500680411643
1500680605161
20000000071546
20000000008852
20000000087639
20000000002560
20000000504699
20000000024719
20000000501124
1500680798546
1500680969294
20000000605426
1500680707186
20000000069044
20000000515886
1500680368534
20000000010903
20000000065480
20000000346145
1500680576588
20000000034691
20000000038255
20000000017311
1500680643402
1500680483022
20000000034196
20000000006575
20000000007466
1500681000495
20000000045707
20000000317138
1500680804629
1500680771310
1500680793640
1500680459416
20000000019995
20000000412024
20000000293180
20000000029345
1500680796764
20000000668841
20000000049893
1500680422830
20000000016420
1500680584156
20000000271625
20000000471380
1500680680384
20000000347982
20000000183093
1500680737580
1500680883588
20000000619738
20000000004794
1500680483023
20000000432078
1500681002773
20000000352383
20000000008853
1500680790473
1500680398884
20000000303323
1500680439040
20000000198619
20000000055509
1500681020142
1500680621029
20000000000284
20000000530088
20000000437028
1500680827076
20000000018654
20000000029797
20000000577465
1500680558769
20000000654982
20000000018203
20000000025287
20000000065481
1500680750774
20000000339018
1500680627816
1500680747381
20000000030506
1500680634944
1500680503417
20000000506526
20000000194280
20000000291679
20000000010580
1500680740973
20000000016377
20000000133917
1500680725826
20000000080006
20000000004343
20000000014144
20000000011020
1500680893389
20000000002561
1500680467931
1500680545070
20000000260935
1500680663501
20000000557864
1500680429691
20000000320253
20000000241729
1500680479191
1500680377941
20000000441484
20000000542211
1500680892543
1500680650488
20000000027565
20000000159983
20000000015531
1500680630886
1500680668083
20000000019546
1500680372991
1500680659948
20000000351042
1500680746491
1500680538393
20000000008854
20000000511422
20000000026179
20000000006126
20000000005686
20000000016873
20000000017313
20000000052837
20000000318526
20000000443266
20000000004795
1500680386852
20000000012364
1500680553090
20000000031075
1500680403627
20000000035585
1500680680387
20000000372482
20000000017314
20000000397034
20000000616616
1500680580919
20000000002563
20000000007469
1500680590396
20000000654038
1500681013467
20000000349767
20000000498168
20000000018205
20000000534644
1500680462983
20000000583253
1500680372497
1500680425506
20000000111265
1500680459419
20000000214225
1500680668903
1500680730723
20000000016379
20000000032461
1500681000047
1500680746492
20000000401830
20000000025333
20000000233387
1500680544955
20000000143440
20000000507914
1500680599856
1500680775328
1500680797658
20000000209050
20000000006622
20000000033352
20000000018700
20000000028457
1500680776390
20000000010906
1500680830516
1500680643406
20000000513701
20000000028953
20000000280539
1500680791862
20000000012365
20000000008856
20000000116711
20000000010583
20000000525735
20000000111266
1500680818169
1500680680432
20000000004346
1500680385511
1500680393530
1500680549906
20000000004841
20000000117602
20000000013256
20000000305559
20000000600975
20000000266454
1500680680388
20000000633546
1500680465657
1500680563667
1500680385016
20000000121562
20000000010907
20000000452673
20000000026676
20000000016424
20000000021275
1500680775329
20000000148347
1500680728178
1500680895218
20000000643842
20000000035630
20000000013751
1500680430402
20000000621512
20000000107306
20000000478611
20000000246357
1500680787858
20000000017315
1500680827574
1500680709512
20000000453565
1500680685834
1500680647098
20000000000288
1500680780676
1500680469717
20000000408240
1500680850290
1500681154346
1500680463920
20000000163990
1500680491497
1500680605661
20000000026721
20000000489304
20000000543105
1500680746494
20000000612603
1500680392145
20000000011024
1500680846330
1500680571731
20000000018207
20000000277598
20000000021276
20000000404181
20000000467920
1500680762081
1500680777607
20000000022662
20000000015534
1500680940605
20000000008857
20000000392905
1500680532428
1500680802077
20000000109260
20000000030230
20000000012366
20000000262891
1500680419893
20000000032012
1500680546739
1500680771766
20000000016876
1500680687616
20000000013752
20000000018658
20000000253035
20000000240066
20000000012410
1500680616353
20000000324811
20000000316748
20000000434080
1500680392597
20000000222742
20000000008083
1500680632716
1500680832020
1500680545074
20000000010585
20000000015535
20000000013753
20000000293186
1500680823110
20000000646193
20000000402724
1500680384578
20000000154586
1500680777608
1500680678707
20000000030231
20000000631315
20000000458516
1500680749663
20000000017768
20000000013258
20000000020881
20000000029846
1500680574856
20000000018703
1500680668906
20000000056125
20000000018659
1500680818710
20000000027569
1500680780721
1500680611728
20000000001224
20000000498215
20000000580088
20000000025831
20000000475446
20000000008859
20000000033400
20000000020387
20000000306948
20000000221357
20000000569947
20000000004349
20000000433965
20000000167556
20000000002611
20000000019271
1500680769310
20000000035633
1500680839204
1500680412261
1500680819602
20000000032014
1500680834254
1500680810593
20000000184485
1500680394424
20000000542711
20000000632658
1500680608831
20000000005735
20000000017769
20000000135425
1500680493325
1500680999694
20000000018380
1500680422837
20000000093152
1500680741095
20000000441533
20000000508485
20000000001676
20000000012863
1500680375713
1500680485306
20000000494652
1500680406475
20000000295013
20000000182252
20000000013754
1500680776394
20000000259329
20000000008903
20000000030232
20000000485247
20000000453116
1500680724210
1500680661229
20000000434081
20000000145721
1500680814157
20000000595787
20000000012369
1500680665460
1500680561438
1500680776395
1500680792306
1500680375219
1500680439047
20000000677308
1500680548695
20000000281929
1500680680436
20000000182253
1500680737587
20000000034699
20000000016428
1500680803510
20000000121566
20000000018705
20000000029848
20000000003459
20000000020883
1500680897175
20000000135921
20000000670620
1500680819603
20000000093153
1500680547353
20000000532416
1500681033613
20000000036525
20000000017814
20000000024898
20000000358726
1500680607941
20000000022214
20000000031575
20000000101469
20000000000335
1500680406520
20000000017319
1500680780679
20000000012864
1500680407411
1500680707733
20000000655429
20000000223635
20000000656816
20000000486635
1500680787132
20000000060907
1500680386083
20000000332338
1500680830241
1500680794260
1500680778222
20000000378329
20000000632380
20000000419882
1500680808868
20000000017815
1500680548245
1500680948403
1500680760627
20000000303051
1500681080892
1500680590446
20000000429232
20000000317362
20000000013800
1500681151226
20000000549572
20000000578408
20000000497822
20000000292793
20000000009472
20000000055732
20000000186764
20000000023601
20000000022215
20000000008130
20000000096278
20000000310503
20000000032511
20000000029849
20000000491035
1500680738974
20000000018382
20000000511429
1500680581987
1500680810595
20000000285214
20000000015989
1500680746542
1500681181620
1500680967566
20000000010633
20000000418992
1500680947018
1500680708626
20000000009473
1500680628931
20000000231700
20000000434084
20000000001679
20000000033403
20000000013801
20000000151466
1500680761690
1500680591338
20000000154634
20000000147957
1500680370315
20000000027293
1500680810640
1500680698808
20000000533480
20000000027617
20000000655151
20000000212170
20000000664836
1500680854354
1500681181125
20000000021776
1500680769269
1500680625268
20000000653649
1500680762581
1500680803963
20000000300703
20000000014648
1500680709968
20000000288834
20000000250412
20000000013307
20000000647908
1500680374051
20000000445272
1500680416324
20000000012911
20000000403340
1500680628888
20000000147958
20000000025836
1500680527754
20000000167604
1500680825799
1500680913557
20000000537991
20000000017493
20000000169062
20000000069270
20000000092760
20000000601917
1500680430409
20000000470544
20000000022217
1500680638733
20000000274524
20000000006350
1500680580647
20000000029571
20000000003182
20000000386845
20000000671965
1500680556761
20000000033080
20000000035637
20000000325707
20000000004073
20000000011525
1500680482637
1500680722388
20000000019275
1500680679279
20000000516552
20000000120227
20000000004848
20000000021821
20000000453615
20000000197502
20000000176019
20000000648475
20000000418498
20000000335959
20000000448440
20000000078009
1500680567002
1500680455089
20000000028186
20000000488096
20000000005460
20000000003958
20000000008133
1500680500475
20000000017818
20000000002616
20000000459908
1500680434145
20000000185425
20000000023604
20000000022669
1500680426621
20000000353824
20000000285668
1500680899456
1500680526369
20000000189160
1500680766147
1500680729616
20000000022218
1500680407415
20000000498392
20000000017494
1500680771817
1500680952366
1500680820894
20000000030237
20000000009475
20000000012093
20000000028681
20000000024171
20000000646694
1500681188030
20000000021778
1500680768875
1500680673032
1500680672141
20000000018709
20000000434905
20000000009024
1500680740254
20000000325709
20000000078182
20000000271853
20000000015262
20000000018430
20000000028187
20000000120724
20000000012094
20000000622088
20000000099945
20000000443816
1500680710356
1500680687795
20000000215792
20000000002293
20000000069272
20000000018386
1500680678434
1500680804901
1500680407867
1500680645368
20000000287946
20000000086525
20000000033406
20000000026729
20000000515663
20000000384119
20000000339740
20000000093158
20000000332837
20000000031129
20000000000835
1500681048496
20000000001726
20000000030689
20000000020888
20000000597618
20000000004075
20000000520063
20000000052117
1500680589785
1500680686002
1500680621301
20000000024173
20000000015263
1500680676158
20000000628920
20000000559873
20000000023282
1500680840993
20000000081125
1500681177296
20000000004076
1500680520079
20000000007244
1500680770153
20000000022715
20000000030734
20000000027341
20000000336122
20000000644012
1500680746547
1500680565674
20000000628425
20000000139662
20000000404234
20000000013805
20000000486360
20000000241956
20000000122958
20000000017991
20000000023606
1500680418604
20000000600254
20000000026450
20000000088803
20000000664560
20000000000836
20000000016929
20000000009477
20000000098109
1500680772386
1500680653388
20000000009521
20000000028683
1500680559437
20000000621242
1500680568347
20000000092268
20000000027793
20000000324991
20000000023283
20000000004121
1500680620862
20000000023607
20000000166717
1500680503646
20000000417204
20000000622585
20000000150624
20000000185879
20000000656047
20000000018432
1500680725109
20000000128520
1500680653389
1500680585772
20000000024174
1500680632445
1500680905262
20000000025065
20000000276030
20000000527699
20000000009478
20000000032193
1500680561660
1500680859804
1500680554488
20000000151515
20000000018883
20000000600255
1500680794310
20000000128971
20000000173070
20000000013031
20000000166393
1500680583990
20000000660826
1500680624921
1500680371382
20000000108379
1500680809034
20000000675253
20000000004077
20000000429689
20000000013482
20000000286606
1500680803968
1500680590947
20000000334341
20000000516556
20000000013806
20000000023608
20000000468047
20000000311572
20000000015265
1500680665512
20000000020160
20000000548688
20000000096824
20000000565166
1500681159522
1500680585322
20000000016651
20000000339699
20000000000838
20000000033085
20000000567443
1500681094308
20000000042319
1500680415438
20000000251759
20000000017498
1500680822724
20000000180479
20000000217577
1500680760354
1500680642742
20000000008588
20000000026001
20000000062416
20000000004078
1500680415889
1500680803518
1500680376289
20000000003187
20000000028685
20000000570836
20000000023284
20000000324046
1500680420333
20000000013807
1500680455632
20000000079571
1500680700602
1500680747935
1500680831139
20000000030736
20000000660827
1500680785852
1500680532159
1500680735406
20000000008137
1500680580373
20000000631497
20000000008633
20000000170679
20000000029621
1500680650311
1500680764090
20000000032519
20000000413598
20000000005465
20000000267122
20000000050339
20000000012593
1500680651653
20000000458698
20000000318800
1500680978309
20000000247025
20000000255990
20000000015266
1500680665513
20000000520067
1500680527804
1500680572354
20000000029126
20000000058908
1500680526913
20000000395481
20000000215345
20000000027795
20000000012917
1500680789912
1500680466325
20000000621740
20000000010360
20000000022718
1500680619253
20000000006400
20000000502742
1500680535823
20000000044273
20000000015310
20000000420275
20000000380108
20000000148124
1500680838818
20000000102089
1500680504539
1500680634724
20000000026453
20000000015761
1500680681057
1500680841437
20000000054570
20000000013980
1500680831636
1500681166652
20000000443497
20000000030738
1500681132244
1500680453357
1500680531765
1500680640016
20000000622632
1500680389304
1500680421677
1500680775558
20000000007248
20000000158377
1500680913284
20000000017544
20000000667732
20000000010361
20000000205545
1500680665190
20000000533488
1500680485532
20000000015311
20000000320484
20000000654268
20000000576850
1500680712638
20000000012918
20000000172506
20000000254929
20000000000560
20000000069321
20000000181867
20000000017049
20000000476563
1500680463158
20000000539329
20000000034022
20000000422102
1500680749395
20000000222474
20000000503634
1500680678439
20000000366475
1500680407592
20000000129865
1500680835372
1500680665191
20000000332112
1500680574633
20000000173074
1500680576091
1500680616582
20000000006402
1500680654328
20000000016159
20000000276980
20000000315139
1500680566290
20000000000110
1500680411921
1500680871831
1500681180738
20000000004620
20000000001001
1500680665515
20000000003234
1500680742988
20000000020163
20000000029579
20000000129866
20000000594220
20000000064372
1500680557209
20000000015763
1500680697646
20000000578138
20000000028237
20000000018436
1500680554536
20000000005016
20000000511654
20000000015312
20000000021829
1500680375896
1500680615240
20000000027346
20000000525019
1500680403083
1500680622648
20000000025564
20000000033583
20000000138776
20000000424787
20000000177908
1500680808642
20000000286330
20000000002299
1500680656605
1500680398710
20000000384340
20000000019327
1500680762634
1500680515728
20000000127634
20000000261608
20000000222971
20000000021550
1500680740305
20000000007745
20000000003686
20000000465873
1500680712360
1500680625042
20000000569724
20000000033908
1500680773822
1500680567506
20000000005963
20000000004621
20000000026005
20000000173075
1500680764093
20000000027842
1500680799392
1500680764417
1500680902099
20000000015313
20000000354399
20000000288113
20000000232321
20000000645080
20000000013982
20000000082517
1500680938784
20000000013487
20000000352166
20000000631049
20000000660551
1500680379505
20000000032198
20000000268511
1500680806410
20000000000067
20000000054077
1500680673986
1500680761744
20000000026456
20000000617739
1500680622649
20000000005512
20000000000562
1500680820946
