 330927
 337310
 337325
 657792
 686818
 692715
 692809
 697392
 730352
 740697
 761141
 768986
 794969
 824168
 853748
 863055
 971107
 974985
 983392
 1038045
 1038069
 1038087
 1045051
 1915823
 2135995
 2289166
 2498750
 2851936
 2956526
 3006679
 3443504
 3748510
 3896038
 3962073
 3962089
 4250056
 4330693
 4447839
 4553790
 4555084
 4556327
 4573135
 4607129
 4610123
 4610131
 4610756
 4611004
 4618276
 4618281
 4661981
 4673255
 4741523
 4742341
 4742520
 4742529
 4822593
 4987675
 5006969
 5007025
 5007048
 5007064
 5007066
 5007091
 5007098
 5007123
 5007156
 5007281
 5007391
 5007397
 5007487
 5007675
 5007820
 5007822
 5007924
 5026086
 5026108
 5055178
 5063693
 5079604
 5111829
 5121672
 5138292
 5138745
 5138746
 5151409
 5156208
 5162342
 5173793
 5181121
 5241250
 5241265
 5243275
 5243849
 5244228
 5245315
 5246714
 5247593
 5247596
 5247632
 5247633
 5247650
 5247655
 5275850
 5290075
 5290430
 5306328
 5308204
 5308208
 5310446
 5310453
 5335645
 5336907
 5338061
 5341744
 5341913
 5349690
 5350427
 5353876
 5361322
 5374229
 5381679
 5383151
 5383806
 5387157
 5394810
 5396623
 5403300
 5406157
 5413097
 5420168
 5420171
 5426188
 5426192
 5426196
 5426197
 5426206
 5426414
 5432090
 5432276
 5432659
 5433517
 5434996
 5436841
 5436859
 5436860
 5440515
 5442728
 5443359
 5443504
 5443573
 5443576
 5444040
 5444041
 5444042
 5444047
 5444052
 5444267
 5444429
 5446422
 5447590
 5447591
 5448241
 5449676
 5449964
 5450128
 5451862
 5457552
 5459310
 5462510
 5462992
 5499226
 5512021
 5523262
 5534186
 5562728
 5757640
 5767405
 5785493
 5889745
 5912210
 5937268
 5983639
 6055087
 6221322
 6221327
 6229800
 6230926
 6232288
 6233000
 6233001
 6242424
 6287661
 6315619
 6345401
 6388222
 6388304
 6628430
 6664511
 6743154
 6750585
 6798993
 6826984
 6906867
 6940542
 6943997
 6945497
 6950227
 6972836
 7172816
 7218089
 7230811
 7305488
 7319584
 7367326
 7426037
 7477105
 7496533
 7505011
 7516586
 7518995
 7523503
 7524304
 7524451
 7526100
 7534076
 7534587
 7544547
 7545575
 7557776
 7568928
 7576629
 7579060
 7584809
 7596524
 7598442
 7598544
 7615717
 7620411
 7634749
 7636616
 7639848
 7678508
 7708629
 7714338
 7717669
 7721769
 7726008
 7733775
 7736446
 7743535
 7743655
 7748537
 7752882
 7755509
 7756046
 7757281
 7759725
 7764283
 7766378
 7767398
 7772227
 7776898
 7777733
 7790364
 7792767
 7794208
 7802367
 7802370
 7805361
 7805392
 7808331
 7815359
 7819672
 7822322
 7828871
 7837564
 7844347
 7845640
 7856599
 7860486
 7860546
 7863820
 7864167
 7865587
 7867654
 7873716
 7879183
 7880483
 7888240
 7889358
 7890117
 7891397
 7901385
 7901510
 7901811
 7904344
 7909187
 7909390
 7909400
 7911650
 7911841
 7914055
 7914333
 7917282
 7918236
 7918303
 7919613
 7920524
 7921387
 7923724
 7923898
 7930265
 7932003
 7932339
 7935005
 7936466
 7937436
 7943024
 7944358
 7944393
 7945608
 7947243
 7948128
 7949048
 7951489
 7953265
 7953268
 7953630
 7955353
 7956414
 7956480
 7957022
 7958212
 7958408
 7958736
 7963795
 7964354
 7964774
 7967571
 7973553
 7977159
 7979306
 7983461
 7983828
 7983858
 7984167
 7988135
 7989194
 7991881
 7993136
 7993807
 7994126
 7999620
 8004463
 8004915
 8006943
 8006964
 8008928
 8010291
 8010585
 8013005
 8019683
 8022291
 8022785
 8023870
 8023920
 8024124
 8025611
 8028578
 8031521
 8035156
 8037019
 8038067
 8038637
 8040622
 8041327
 8041450
 8045284
 8047546
 8051008
 8052952
 8055460
 8061699
 8064252
 8071265
 8075938
 8077778
 8078819
 8078835
 8084224
 8084792
 8092262
 8092803
 8094233
 8101698
 8103419
 8114663
 8120482
 8134199
 8140441
 8212860
 8225789
 8256166
 8259803
 8266861
 8267790
 8277511
 8277687
 8290998
 8317212
 8335993
 8338658
 8369394
 8374465
 8374678
 8374833
 8374921
 8386004
 8394222
 8396114
 8399047
 8410222
 8410754
 8410796
 8421894
 8426763
 8450885
 8455568
 8459115
 8470088
 8476166
 8485076
 8485657
 8488020
 8495728
 8500410
 8510799
 8516508
 8518215
 8518664
 8523070
 8544396
 8544418
 8560209
 8570192
 8591348
 8594856
 8596742
 8600378
 8600404
 8602636
 8605582
 8608389
 8614145
 8622916
 8624916
 8636780
 8636921
 8639194
 8641483
 8642103
 8647190
 8655031
 8666687
 8668189
 8669235
 8670126
 8673233
 8676911
 8686942
 8693071
 8695893
 8711623
 8715269
 8717134
 8721140
 8723277
 8726547
 8726560
 8739133
 8740234
 8740421
 8761626
 8763111
 8764346
 8778262
 8784260
 8788000
 8788097
 8788434
 8790840
 8791079
 8810766
 8810788
 8831017
 8842368
 8843609
 8847319
 8849039
 8851189
 8852280
 8857478
 8860243
 8863155
 8863590
 8877683
 8880032
 8883786
 8888092
 8892876
 8893398
 8893922
 8894222
 8894255
 8898339
 8904706
 8904738
 8907656
 8911413
 8911595
 8912819
 8913107
 8919295
 8920196
 8928289
 8942787
 8943367
 8943452
 8943827
 8944253
 8944343
 8944387
 8951301
 8955248
 8955653
 8958922
 8961634
 8961667
 8962213
 8963571
 8968206
 8968920
 8969020
 8972212
 8972989
 8977828
 8980178
 8981920
 8982428
 8982847
 8983403
 8984321
 8986631
 8991245
 8992846
 8993839
 8995483
 8998603
 9000379
 9000541
 9001750
 9004002
 9004938
 9007971
 9008118
 9010134
 9012201
 9014224
 9014278
 9014328
 9015578
 9017271
 9022046
 9026399
 9026469
 9026488
 9030872
 9031362
 9033655
 9037121
 9037299
 9039366
 9042374
 9042581
 9044038
 9047497
 9050762
 9051536
 9051571
 9053125
 9053688
 9053859
 9054741
 9060498
 9063080
 9063828
 9064204
 9067776
 9074842
 9075087
 9075171
 9076093
 9081753
 9082260
 9083212
 9084575
 9089188
 9090520
 9090586
 9091960
 9092171
 9101330
 9101470
 9103397
 9103582
 9104365
 9106972
 9109390
 9112264
 9112489
 9112498
 9114474
 9114565
 9115436
 9116892
 9118010
 9121931
 9123225
 9124982
 9127970
 9129320
 9131286
 9131483
 9149584
 9153860
 9153874
 9154695
 9154738
 9155130
 9155294
 9155827
 9157859
 9159236
 9159828
 9160127
 9160648
 9161599
 9161853
 9162393
 9162826
 9163035
 9164744
 9165038
 9166537
 9168404
 9168725
 9168880
 9169109
 9170856
 9172039
 9173386
 9173747
 9174135
 9174775
 9175902
 9176256
 9177259
 9177288
 9177585
 9178093
 9178429
 9179538
 9182421
 9182662
 9183622
 9185698
 9186233
 9188354
 9189011
 9189551
 9190982
 9193399
 9195353
 9195880
 9199189
 9202275
 9204320
 9205667
 9207149
 9207524
 9208824
 9211030
 9211939
 9214700
 9214805
 9216715
 9216810
 9218170
 9219608
 9219800
 9221698
 9222473
 9223427
 9223635
 9224967
 9226097
 9226941
 9227777
 9227936
 9228772
 9229304
 9229640
 9230822
 9231643
 9236089
 9237904
 9238257
 9239333
 9239895
 9241703
 9243117
 9244272
 9244291
 9244355
 9244737
 9245539
 9246599
 9249391
 9250525
 9250554
 9251109
 9251903
 9254144
 9254304
 9255231
 9255828
 9256114
 9256176
 9256402
 9256437
 9257370
 9258403
 9260019
 9260068
 9260332
 9260874
 9261058
 9261576
 9263457
 9264931
 9265643
 9266614
 9268002
 9268643
 9268744
 9268915
 9268935
 9269266
 9269630
 9269736
 9269737
 9270509
 9270580
 9270930
 9275396
 9275460
 9276719
 9276903
 9276943
 9277433
 9278948
 9280347
 9282191
 9282893
 9284892
 9285246
 9285990
 9286128
 9288676
 9290752
 9292140
 9292273
 9292277
 9293145
 9293665
 9294086
 9295380
 9296217
 9296955
 9297772
 9299464
 9299831
 9300340
 9300904
 9301931
 9302403
 9303821
 9303825
 9304383
 9304803
 9308027
 9308226
 9308744
 9308960
 9309446
 9309613
 9314040
 9314641
 9315816
 9317431
 9317783
 9320326
 9320374
 9321034
 9322402
 9322516
 9322621
 9322651
 9323396
 9323528
 9326215
 9327137
 9327529
 9327591
 9328095
 9331045
 9331468
 9331519
 9332434
 9332547
 9334496
 9335093
 9335287
 9335549
 9336591
 9337371
 9337984
 9338477
 9341108
 9341473
 9341581
 9341705
 9341828
 9342315
 9342454
 9342539
 9344806
 9344991
 9345134
 9345718
 9346289
 9349218
 9349391
 9349990
 9351448
 9353488
 9355680
 9356006
 9356090
 9357654
 9358221
 9358673
 9359660
 9360327
 9360830
 9361837
 9362234
 9363003
 9364954
 9365135
 9365191
 9367260
 9368706
 9368742
 9369609
 9369625
 9370009
 9370185
 9371204
 9372127
 9373193
 9373252
 9373552
 9373707
 9373727
 9374043
 9374224
 9375315
 9378457
 9380023
 9380571
 9380783
 9381032
 9381108
 9381252
 9383014
 9383385
 9383428
 9384144
 9384368
 9385381
 9385547
 9390783
 9392091
 9392732
 9393185
 9394391
 9394736
 9394754
 9396736
 9397038
 9398198
 9399531
 9401287
 9401792
 9403570
 9404972
 9405426
 9405885
 9406268
 9407691
 9407755
 9407865
 9408023
 9408594
 9409361
 9410000
 9412486
 9412636
 9412892
 9413457
 9413880
 9413950
 9414342
 9415672
 9417654
 9417659
 9417813
 9418444
 9418500
 9419446
 9420175
 9420367
 9422283
 9422510
 9423626
 9423895
 9424136
 9424303
 9424307
 9424308
 9425080
 9426126
 9426406
 9426663
 9426674
 9426688
 9426737
 9427105
 9427259
 9428183
 9430138
 9430558
 9430822
 9431149
 9433636
 9434971
 9437201
 9437218
 9437537
 9437597
 9438178
 9438910
 9439325
 9439930
 9441287
 9442073
 9443238
 9444544
 9446009
 9446172
 9452234
 9452253
 9453045
 9453310
 9455336
 9455749
 9455931
 9457291
 9457851
 9458375
 9459938
 9460596
 9460940
 9461053
 9461355
 9462390
 9463293
 9463359
 9464008
 9464449
 9464670
 9465819
 9466145
 9466708
 9466759
 9467394
 9468828
 9468895
 9470510
 9470515
 9471589
 9472638
 9473297
 9473710
 9474659
 9475032
 9475080
 9475323
 9475558
 9476481
 9477414
 9478715
 9479252
 9480156
 9480169
 9480433
 9480738
 9481269
 9481362
 9482062
 9482412
 9482936
 9483050
 9483629
 1432108604
 1432536265
 1454554583
 1466427541
 1467529857
 1470613502
 1471134366
 1472044988
 1475156570
 1480082527
 1482931438
 1496845067
 1498744299
 1502633420
 1510797286
 1513180468
 1513520470
 1521035666
 1521379131
 1523437607
 1524710492
 1526361506
 1527082332
 1532784620
 1610104171
 1610105243
 1475424927665
 1475676580933
 1476256105969
 1476493130925
 1476603959816
 1485732756288
 1490482407606
 1493523539545
 1495432121600
 1497401604070
 1497403541882
 1497488251544
 1499168429390
 1500652800809
 1500656715777
 1500660424877
 1500660459343
 1500660479759
 1500660483205
 1500660492391
 1500660495479
 1500660502136
 1500660507862
 1500660511966
 1500660518482
 1500660532096
 1500660535073
 1500660539421
 1500660558060
 1500660597687
 1500660625445
 1500660641099
 1500660646230
 1500660661490
 1500660662667
 1500660665145
 1500660667378
 1500660667794
 1500660679583
 1500660683114
 1500660688391
 1500660705154
 1500660717403
 1500660726999
 1500660734682
 1500660736828
 1500660737456
 1500660752312
 1500660758821
 1500660760337
 1500660770024
 1500660774426
 1500660774437
 1500660774585
 1500660782462
 1500660799859
 1500660814752
 1500660817356
 1500660822921
 1500660830377
 1500660841542
 1500660844126
 1500660848231
 1500660852928
 1500660857637
 1500660865808
 1500660876527
 1500660893015
 1500660902541
 1500660905739
 1500660935947
 1500660966760
 1500660968441
 1500660973042
 1500660979891
 1500660986081
 1500660986672
 1500660998196
 1500661004827
 1500661010460
 1500661017491
 1500661024825
 1500661026247
 1500661030891
 1500661032282
 1500661035410
 1500661039207
 1500661042536
 1500661047249
 1500661072341
 1500661074913
 1500661087747
 1500661087997
 1500661101794
 1500661103457
 1500661109599
 1500661110374
 1500661120900
 1500661125574
 1500661128348
 1500661134184
 1500661138296
 1500661150459
 1500661175253
 1500661177633
 1500661185281
 1500661187297
 1500661192446
 1500661199412
 1500661202528
 1500661204396
 1500661209414
 1500661209420
 1500661210195
 1500661211552
 1500661220257
 1500661229762
 1500661239711
 1500661249180
 1500661252256
 1500661254578
 1500661262703
 1500661280958
 1500661289123
 1500661296994
 1500661312082
 1500661317574
 1500661320923
 1500661331056
 1500661331114
 1500661335059
 1500661339290
 1500661365747
 1500661369753
 1500661382812
 1500661385060
 1500661388475
 1500661389868
 1500661395876
 1500661403844
 1500661419877
 1500661426866
 1500661429356
 1500661445940
 1500661446866
 1500661454428
 1500661458269
 1500661458342
 1500661462877
 1500661468674
 1500661477946
 1500661478044
 1500661478351
 1500661484952
 1500661491154
 1500661506958
 1500661508605
 1500661509273
 1500661509447
 1500661518334
 1500661518373
 1500661546093
 1500661558144
 1500661606685
 1500661613438
 1500661642317
 1500661648735
 1500661648827
 1500661649562
 1500661655124
 1500661677675
 1500661684894
 1500661700854
 1500661709210
 1500661725509
 1500661729626
 1500661733554
 1500661740729
 1500661743938
 1500661751212
 1500661760044
 1500661784831
 1500661784864
 1500661790509
 1500661831806
 1500661832794
 1500661834279
 1500661842135
 1500661847659
 1500661865347
 1500661865631
 1500661879308
 1500661888242
 1500661902378
 1500661908238
 1500661920856
 1500661937545
 1500661939871
 1500661940023
 1500661948531
 1500661951902
 1500661964210
 1500661973240
 1500661980048
 1500661988239
 1500661989309
 1500661991039
 1500662009933
 1500662021337
 1500662027142
 1500662029691
 1500662033156
 1500662034959
 1500662037617
 1500662055572
 1500662071958
 1500662073080
 1500662087225
 1500662088245
 1500662104683
 1500662114123
 1500662134998
 1500662138384
 1500662151209
 1500662153136
 1500662160215
 1500662168399
 1500662170361
 1500662175377
 1500662187352
 1500662188454
 1500662196321
 1500662197851
 1500662204130
 1500662206298
 1500662206503
 1500662207189
 1500662215943
 1500662229643
 1500662236732
 1500662251525
 1500662253541
 1500662263026
 1500662272182
 1500662282975
 1500662291221
 1500662299379
 1500662308004
 1500662310877
 1500662310931
 1500662310959
 1500662313408
 1500662328959
 1500662330598
 1500662332671
 1500662335670
 1500662341272
 1500662353800
 1500662381822
 1500662386964
 1500662392048
 1500662395604
 1500662427128
 1500662443189
 1500662458575
 1500662463308
 1500662466653
 1500662478751
 1500662537335
 1500662544527
 1500662566210
 1500662590250
 1500662599069
 1500662600508
 1500662604192
 1500662609993
 1500662632645
 1500662632828
 1500662660565
 1500662669541
 1500662684499
 1500662696968
 1500662710687
 1500662721003
 1500662721072
 1500662731310
 1500662737415
 1500662755420
 1500662773945
 1500662793667
 1500662798612
 1500662807220
 1500662811191
 1500662819687
 1500662827023
 1500662829880
 1500662849932
 1500662852276
 1500662865208
 1500662874491
 1500662880861
 1500662951154
 1500662963057
 1500662969073
 1500662973792
 1500662977762
 1500662980617
 1500663003215
 1500663003955
 1500663045563
 1500663046710
 1500663049867
 1500663057037
 1500663066305
 1500663071582
 1500663098838
 1500663120361
 1500663123790
 1500663125966
 1500663186500
 1500663188693
 1500663194270
 1500663209753
 1500663214265
 1500663224878
 1500663228371
 1500663234718
 1500663255209
 1500663279098
 1500663279333
 1500663289463
 1500663326363
 1500663341381
 1500663345250
 1500663348012
 1500663366806
 1500663378600
 1500663379072
 1500663383179
 1500663383717
 1500663387364
 1500663395057
 1500663397066
 1500663403545
 1500663406907
 1500663409242
 1500663411026
 1500663411425
 1500663416957
 1500663417011
 1500663423291
 1500663423456
 1500663424555
 1500663444356
 1500663478067
 1500663485841
 1500663494175
 1500663496294
 1500663523892
 1500663530793
 1500663555141
 1500663565301
 1500663583153
 1500663588004
 1500663600638
 1500663606426
 1500663641781
 1500663645779
 1500663661847
 1500663673418
 1500663687181
 1500663687200
 1500663697831
 1500663783118
 1500663794225
 1500663799803
 1500663817395
 1500663828348
 1500663834655
 1500663835288
 1500663841414
 1500663845124
 1500663845365
 1500663852412
 1500663914490
 1500663923601
 1500663927622
 1500663954088
 1500663964229
 1500663972574
 1500663993433
 1500664002209
 1500664003268
 1500664018896
 1500664031665
 1500664033249
 1500664061764
 1500664091379
 1500664099818
 1500664126793
 1500664130323
 1500664197845
 1500664198507
 1500664209140
 1500664251604
 1500664311534
 1500664314703
 1500664317833
 1500664327139
 1500664333570
 1500664344919
 1500664354343
 1500664354479
 1500664371426
 1500664377500
 1500664446774
 1500664446889
 1500664469788
 1500664500219
 1500664526093
 1500664538012
 1500664544926
 1500664549181
 1500664628825
 1500664643448
 1500664677991
 1500664692610
 1500664694521
 1500664728758
 1500664749064
 1500664751392
 1500664768272
 1500664783176
 1500664808178
 1500664813326
 1500664833192
 1500664862217
 1500664864841
 1500664883445
 1500664892079
 1500664893436
 1500664912077
 1500664923547
 1500664949421
 1500664963559
 1500664963804
 1500664987581
 1500664998573
 1500665002124
 1500665042407
 1500665048280
 1500665091379
 1500665113287
 1500665126464
 1500665224935
 1500665225516
 1500665252352
 1500665312720
 1500665323150
 1500665324738
 1500665334527
 1500665348929
 1500665377348
 1500665403861
 1500665416543
 1500665425265
 1500665440249
 1500665441604
 1500665442472
 1500665457068
 1500665475449
 1500665479708
 1500665523080
 1500665542538
 1500665556870
 1500665571275
 1500665572179
 1500665589243
 1500665592959
 1500665594182
 1500665601833
 1500665614702
 1500665673670
 1500665686162
 1500665687004
 1500665687103
 1500665687929
 1500665713854
 1500665713932
 1500665720422
 1500665723847
 1500665739883
 1500665757816
 1500665758335
 1500665773470
 1500665776758
 1500665790818
 1500665835135
 1500665844215
 1500665876417
 1500665885752
 1500665893145
 1500665900898
 1500665911082
 1500665917690
 1500665956489
 1500665956596
 1500665977576
 1500665984508
 1500665993531
 1500666069364
 1500666081626
 1500666086311
 1500666090782
 1500666102787
 1500666116460
 1500666131391
 1500666154076
 1500666215127
 1500666219301
 1500666220830
 1500666224594
 1500666250552
 1500666260934
 1500666283878
 1500666300482
 1500666300514
 1500666313539
 1500666324886
 1500666333267
 1500666362107
 1500666367169
 1500666384221
 1500666397490
 1500666402432
 1500666422874
 1500666442437
 1500666456299
 1500666485256
 1500666521275
 1500666530702
 1500666539664
 1500666561846
 1500666593219
 1500666593285
 1500666638157
 1500666638987
 1500666685487
 1500666688151
 1500666690428
 1500666733499
 1500666743315
 1500666760285
 1500666774689
 1500666788314
 1500666791677
 1500666792177
 1500666812930
 1500666820019
 1500666834755
 1500666857413
 1500666865258
 1500666878623
 1500666934522
 1500666945708
 1500666952276
 1500666974621
 1500666992012
 1500666993499
 1500667027999
 1500667056928
 1500667073621
 1500667074205
 1500667077815
 1500667096614
 1500667104289
 1500667135825
 1500667149769
 1500667153780
 1500667211770
 1500667213725
 1500667274619
 1500667275137
 1500667277264
 1500667277715
 1500667287819
 1500667296328
 1500667301932
 1500667314415
 1500667344568
 1500667355822
 1500667362081
 1500667406170
 1500667409240
 1500667429288
 1500667440809
 1500667440856
 1500667474843
 1500667530196
 1500667533549
 1500667545009
 1500667582218
 1500667604047
 1500667619149
 1500667624186
 1500667645670
 1500667656496
 1500667671048
 1500667688666
 1500667745287
 1500667751621
 1500667772191
 1500667841609
 1500667863110
 1500667879899
 1500667924829
 1500667943324
 1500667959647
 1500667979371
 1500668013640
 1500668027763
 1500668058615
 1500668070210
 1500668100686
 1500668108955
 1500668110340
 1500668130736
 1500668133078
 1500668138479
 1500668147293
 1500668166246
 1500668186218
 1500668216806
 1500668218035
 1500668221224
 1500668232754
 1500668232842
 1500668235921
 1500668236827
 1500668238440
 1500668242980
 1500668249504
 1500668250312
 1500668267507
 1500668290969
 1500668296301
 1500668308010
 1500668325765
 1500668327026
 1500668331696
 1500668386524
 1500668431346
 1500668441413
 1500668452869
 1500668468673
 1500668476586
 1500668481727
 1500668492626
 1500668499940
 1500668500448
 1500668503629
 1500668514466
 1500668520434
 1500668527815
 1500668531242
 1500668543795
 1500668548197
 1500668548943
 1500668553555
 1500668607442
 1500668624901
 1500668631172
 1500668637162
 1500668707886
 1500668709560
 1500668726671
 1500668741537
 1500668756014
 1500668766466
 1500668774526
 1500668811938
 1500668813501
 1500668833136
 1500668846649
 1500668849217
 1500668859049
 1500668879297
 1500668934981
 1500668958120
 1500668975939
 1500668982871
 1500669000132
 1500669011641
 1500669014319
 1500669022362
 1500669065987
 1500669080840
 1500669152829
 1500669240186
 1500669247242
 1500669281313
 1500669343570
 1500669384975
 1500669391889
 1500669412172
 1500669416973
 1500669460312
 1500669472522
 1500669532508
 1500669541650
 1500669544797
 1500669557805
 1500669585071
 1500669646154
 1500669711869
 1500669713210
 1500669728969
 1500669818483
 1500669830606
 1500669861866
 1500669868794
 1500669871046
 1500669872289
 1500669874664
 1500669893222
 1500669903073
 1500669905828
 1500669924991
 1500669928930
 1500669935633
 1500669946426
 1500669982779
 1500670024879
 1500670032948
 1500670055755
 1500670071889
 1500670079202
 1500670082623
 1500670141246
 1500670144029
 1500670144087
 1500670172894
 1500670178507
 1500670201691
 1500670213295
 1500670224327
 1500670232491
 1500670236763
 1500670237971
 1500670238520
 1500670248741
 1500670252948
 1500670274641
 1500670282808
 1500670282876
 1500670327171
 1500670355210
 1500670367558
 1500670389798
 1500670392317
 1500670409009
 1500670410830
 1500670427891
 1500670429527
 1500670468065
 1500670468564
 1500670482888
 1500670483284
 1500670493521
 1500670526914
 1500670531669
 1500670538190
 1500670558317
 1500670580771
 1500670586812
 1500670592849
 1500670592989
 1500670609686
 1500670616894
 1500670621403
 1500670634597
 1500670634989
 1500670636644
 1500670638522
 1500670647472
 1500670656809
 1500670663831
 1500670688070
 1500670699285
 1500670709736
 1500670727375
 1500670728222
 1500670734051
 1500670738635
 1500670745598
 1500670771777
 1500670778519
 1500670781706
 1500670784448
 1500670784692
 1500670785303
 1500670790636
 1500670796113
 1500670801485
 1500670801559
 1500670822986
 1500670823407
 1500670876153
 1500670880578
 1500670924969
 1500670929005
 1500670937688
 1500670942947
 1500670962597
 1500670981124
 1500670989766
 1500671002143
 1500671020531
 1500671033642
 1500671048931
 1500671066918
 1500671078240
 1500671078483
 1500671082990
 1500671104434
 1500671136444
 1500671150193
 1500671174088
 1500671177358
 1500671182712
 1500671188337
 1500671190409
 1500671191043
 1500671213728
 1500671229062
 1500671229500
 1500671231859
 1500671236832
 1500671236951
 1500671243271
 1500671248242
 1500671257638
 1500671258712
 1500671261716
 1500671272919
 1500671302899
 1500671332140
 1500671355780
 1500671373961
 1500671376717
 1500671379218
 1500671389024
 1500671389126
 1500671403319
 1500671414334
 1500671434997
 1500671435026
 1500671435066
 1500671442564
 1500671468758
 1500671473629
 1500671480897
 1500671498552
 1500671498716
 1500671520863
 1500671537919
 1500671544020
 1500671548646
 1500671585974
 1500671587490
 1500671596780
 1500671614337
 1500671653609
 1500671672691
 1500671692040
 1500671703727
 1500671707053
 1500671714406
 1500671715584
 1500671721188
 1500671724499
 1500671738905
 1500671752651
 1500671755201
 1500671772931
 1500671787712
 1500671788312
 1500671788321
 1500671789234
 1500671793410
 1500671793686
 1500671800204
 1500671804018
 1500671806883
 1500671806930
 1500671845139
 1500671864444
 1500671871220
 1500671875473
 1500671877489
 1500671884137
 1500671896440
 1500671907679
 1500671914811
 1500671917561
 1500671988536
 1500671996274
 1500671997213
 1500671997872
 1500672006193
 1500672032378
 1500672049812
 1500672055732
 1500672056912
 1500672069716
 1500672071750
 1500672081550
 1500672094905
 1500672105282
 1500672108227
 1500672117457
 1500672138324
 1500672158559
 1500672172605
 1500672186533
 1500672187175
 1500672216954
 1500672245545
 1500672260633
 1500672268159
 1500672284487
 1500672285727
 1500672292750
 1500672298331
 1500672301623
 1500672319682
 1500672320443
 1500672329845
 1500672338597
 1500672338646
 1500672339837
 1500672340946
 1500672342499
 1500672371039
 1500672388520
 1500672389847
 1500672390828
 1500672391634
 1500672393349
 1500672397916
 1500672406143
 1500672406724
 1500672415663
 1500672415757
 1500672417202
 1500672418279
 1500672421339
 1500672428496
 1500672429487
 1500672430161
 1500672433665
 1500672440450
 1500672447568
 1500672450017
 1500672459244
 1500672462090
 1500672464230
 1500672471448
 1500672472134
 1500672472853
 1500672478533
 1500672479701
 1500672494631
 1500672494915
 1500672500279
 1500672501630
 1500672501647
 1500672504489
 1500672508398
 1500672515591
 1500672559942
 1500672570207
 1500672582619
 1500672586132
 1500672587008
 1500672611095
 1500672621932
 1500672624791
 1500672647134
 1500672648824
 1500672650308
 1500672650594
 1500672655323
 1500672657209
 1500672663002
 1500672663154
 1500672666271
 1500672670406
 1500672670480
 1500672678617
 1500672678833
 1500672681379
 1500672683584
 1500672693171
 1500672695399
 1500672696366
 1500672704766
 1500672712588
 1500672714262
 1500672717180
 1500672717842
 1500672719036
 1500672721624
 1500672722321
 1500672728507
 1500672730545
 1500672738223
 1500672747807
 1500672749682
 1500672757987
 1500672765595
 1500672774862
 1500672779912
 1500672780480
 1500672781156
 1500672781634
 1500672792226
 1500672793172
 1500672793909
 1500672795629
 1500672795892
 1500672813597
 1500672819260
 1500672824712
 1500672829031
 1500672844920
 1500672863545
 1500672868838
 1500672885931
 1500672899403
 1500672900585
 1500672904370
 1500672912806
 1500672912935
 1500672919859
 1500672919997
 1500672920578
 1500672922935
 1500672925394
 1500672935663
 1500672953356
 1500672954423
 1500672960848
 1500672971790
 1500672978061
 1500672982888
 1500672983101
 1500672983338
 1500672984800
 1500672985742
 1500673003176
 1500673003313
 1500673009073
 1500673011089
 1500673023026
 1500673025518
 1500673026043
 1500673029538
 1500673040067
 1500673040178
 1500673040574
 1500673040750
 1500673046190
 1500673054317
 1500673054403
 1500673061788
 1500673062215
 1500673064005
 1500673065226
 1500673065875
 1500673083190
 1500673084175
 1500673086182
 1500673093426
 1500673098698
 1500673099077
 1500673099204
 1500673101077
 1500673105709
 1500673112844
 1500673115859
 1500673118412
 1500673121153
 1500673123572
 1500673138919
 1500673144761
 1500673157430
 1500673158054
 1500673159679
 1500673161287
 1500673163423
 1500673167584
 1500673168600
 1500673170494
 1500673174544
 1500673180204
 1500673187429
 1500673189294
 1500673193904
 1500673199592
 1500673200891
 1500673200919
 1500673211833
 1500673220030
 1500673222247
 1500673229534
 1500673240474
 1500673240818
 1500673241088
 1500673241099
 1500673251665
 1500673255496
 1500673263563
 1500673284519
 1500673289320
 1500673304939
 1500673311010
 1500673327027
 1500673328442
 1500673328688
 1500673337921
 1500673341115
 1500673346194
 1500673363011
 1500673379126
 1500673387370
 1500673389123
 1500673394302
 1500673397575
 1500673397990
 1500673414825
 1500673428785
 1500673433971
 1500673443158
 1500673443447
 1500673470916
 1500673480973
 1500673483539
 1500673485630
 1500673485798
 1500673488198
 1500673489530
 1500673493137
 1500673493502
 1500673495511
 1500673495569
 1500673505943
 1500673509016
 1500673512022
 1500673512760
 1500673513894
 1500673514197
 1500673514660
 1500673515660
 1500673516328
 1500673519440
 1500673521480
 1500673522465
 1500673523108
 1500673523276
 1500673533568
 1500673535658
 1500673538652
 1500673539099
 1500673541226
 1500673544205
 1500673554828
 1500673555481
 1500673562144
 1500673563600
 1500673565608
 1500673577598
 1500673578491
 1500673602162
 1500673605918
 1500673607684
 1500673620562
 1500673623832
 1500673638525
 1500673640099
 1500673650475
 1500673652577
 1500673661634
 1500673669025
 1500673669580
 1500673687925
 1500673698088
 1500673706548
 1500673715885
 1500673716333
 1500673724702
 1500673732366
 1500673732374
 1500673732375
 1500673732672
 1500673734955
 1500673736140
 1500673746518
 1500673756569
 1500673768873
 1500673775007
 1500673776138
 1500673779929
 1500673786417
 1500673789724
 1500673793035
 1500673802558
 1500673802630
 1500673805373
 1500673806237
 1500673814715
 1500673815434
 1500673816166
 1500673820329
 1500673825478
 1500673828762
 1500673837381
 1500673845912
 1500673848316
 1500673850542
 1500673886367
 1500673888570
 1500673897044
 1500673899694
 1500673904120
 1500673908221
 1500673911844
 1500673919423
 1500673919967
 1500673925368
 1500673935053
 1500673945513
 1500673950377
 1500673956305
 1500673962695
 1500673963982
 1500673977592
 1500673982123
 1500673988115
 1500673989605
 1500673995238
 1500674003039
 1500674006171
 1500674008916
 1500674015285
 1500674024387
 1500674026701
 1500674027320
 1500674039916
 1500674040658
 1500674041988
 1500674050152
 1500674051190
 1500674054229
 1500674069938
 1500674079808
 1500674080387
 1500674093575
 1500674102861
 1500674115100
 1500674125961
 1500674134158
 1500674135666
 1500674151312
 1500674152884
 1500674153381
 1500674168211
 1500674175689
 1500674183060
 1500674186922
 1500674187965
 1500674194985
 1500674198569
 1500674199248
 1500674208873
 1500674217873
 1500674223324
 1500674226343
 1500674234161
 1500674242228
 1500674243281
 1500674289224
 1500674292060
 1500674310804
 1500674314217
 1500674316422
 1500674317111
 1500674332385
 1500674332524
 1500674341445
 1500674342305
 1500674343661
 1500674349922
 1500674352133
 1500674353455
 1500674357742
 1500674370080
 1500674370445
 1500674370958
 1500674376384
 1500674377522
 1500674380740
 1500674400180
 1500674414449
 1500674415470
 1500674430492
 1500674435019
 1500674439672
 1500674441284
 1500674443442
 1500674449717
 1500674459375
 1500674465176
 1500674465644
 1500674476168
 1500674476894
 1500674487223
 1500674491825
 1500674501168
 1500674501520
 1500674501609
 1500674502944
 1500674517303
 1500674522299
 1500674525306
 1500674525311
 1500674528884
 1500674539334
 1500674541051
 1500674541344
 1500674563356
 1500674574769
 1500674575720
 1500674582934
 1500674585682
 1500674588877
 1500674595180
 1500674607302
 1500674608224
 1500674608284
 1500674610657
 1500674610789
 1500674611383
 1500674612489
 1500674616395
 1500674622894
 1500674626306
 1500674629798
 1500674632107
 1500674638552
 1500674648491
 1500674650781
 1500674659272
 1500674660874
 1500674662292
 1500674666346
 1500674667281
 1500674672187
 1500674673885
 1500674674006
 1500674674663
 1500674674956
 1500674679395
 1500674694651
 1500674695250
 1500674695801
 1500674696473
 1500674698473
 1500674698647
 1500674699898
 1500674701055
 1500674705590
 1500674720348
 1500674731891
 1500674733202
 1500674734028
 1500674734114
 1500674739078
 1500674741669
 1500674746708
 1500674747767
 1500674750654
 1500674757936
 1500674758199
 1500674761818
 1500674762224
 1500674762663
 1500674764222
 1500674764842
 1500674771101
 1500674775752
 1500674776071
 1500674776910
 1500674780468
 1500674785887
 1500674787636
 1500674788639
 1500674792451
 1500674793486
 1500674797971
 1500674799027
 1500674803828
 1500674806406
 1500674809737
 1500674818884
 1500674820381
 1500674820787
 1500674829845
 1500674841492
 1500674851313
 1500674853016
 1500674870767
 1500674884041
 1500674885649
 1500674886286
 1500674889743
 1500674889921
 1500674890086
 1500674898316
 1500674899913
 1500674908046
 1500674911761
 1500674912555
 1500674916130
 1500674918803
 1500674922554
 1500674922959
 1500674928345
 1500674929487
 1500674935881
 1500674949381
 1500674950156
 1500674950551
 1500674956972
 1500674957914
 1500674958577
 1500674962525
 1500674969894
 1500674974061
 1500674974502
 1500674976502
 1500674981100
 1500674991002
 1500674997004
 1500675006886
 1500675008669
 1500675013320
 1500675024322
 1500675024945
 1500675027567
 1500675031668
 1500675036172
 1500675041984
 1500675042927
 1500675050743
 1500675051275
 1500675052356
 1500675052868
 1500675053483
 1500675053516
 1500675058651
 1500675059088
 1500675059213
 1500675062195
 1500675072824
 1500675073325
 1500675089689
 1500675098454
 1500675100733
 1500675103171
 1500675105125
 1500675113653
 1500675114798
 1500675114801
 1500675118854
 1500675120203
 1500675121925
 1500675124397
 1500675125151
 1500675129789
 1500675133444
 1500675134515
 1500675143723
 1500675146788
 1500675162598
 1500675181401
 1500675182457
 1500675182684
 1500675186224
 1500675187024
 1500675188231
 1500675195316
 1500675200188
 1500675206802
 1500675213190
 1500675219554
 1500675235254
 1500675236380
 1500675236725
 1500675250831
 1500675251075
 1500675253903
 1500675254960
 1500675257515
 1500675259175
 1500675259308
 1500675271455
 1500675275790
 1500675276219
 1500675281757
 1500675284896
 1500675291778
 1500675295543
 1500675297793
 1500675298140
 1500675300814
 1500675301893
 1500675307028
 1500675308074
 1500675312508
 1500675312686
 1500675315218
 1500675316662
 1500675317834
 1500675317866
 1500675321400
 1500675327993
 1500675333952
 1500675337462
 1500675342440
 1500675342883
 1500675343034
 1500675351856
 1500675353435
 1500675358257
 1500675360313
 1500675363061
 1500675368590
 1500675385717
 1500675394566
 1500675396010
 1500675401260
 1500675406495
 1500675414610
 1500675415448
 1500675420250
 1500675423675
 1500675424498
 1500675425626
 1500675430450
 1500675431366
 1500675437470
 1500675445261
 1500675446114
 1500675448380
 1500675449438
 1500675455289
 1500675458709
 1500675470721
 1500675478213
 1500675480392
 1500675482382
 1500675483480
 1500675484006
 1500675496484
 1500675499949
 1500675500042
 1500675508349
 1500675512671
 1500675514625
 1500675515405
 1500675515774
 1500675518410
 1500675525173
 1500675529832
 1500675530089
 1500675531565
 1500675533506
 1500675544378
 1500675544379
 1500675544503
 1500675544725
 1500675544727
 1500675544900
 1500675545184
 1500675546898
 1500675548386
 1500675562011
 1500675562578
 1500675563494
 1500675563708
 1500675566121
 1500675566527
 1500675567958
 1500675570318
 1500675570436
 1500675570838
 1500675577671
 1500675581419
 1500675584473
 1500675587169
 1500675587448
 1500675587518
 1500675587867
 1500675590439
 1500675591642
 1500675599748
 1500675601669
 1500675609853
 1500675618447
 1500675619799
 1500675620378
 1500675622369
 1500675623581
 1500675624708
 1500675625415
 1500675625759
 1500675628050
 1500675628844
 1500675630942
 1500675631544
 1500675637219
 1500675638029
 1500675638534
 1500675641376
 1500675642329
 1500675643783
 1500675644404
 1500675647179
 1500675647254
 1500675648343
 1500675652320
 1500675653547
 1500675653567
 1500675658180
 1500675659511
 1500675662388
 1500675671755
 1500675671970
 1500675673855
 1500675674628
 1500675695769
 1500675699923
 1500675700816
 1500675701653
 1500675711931
 1500675712218
 1500675715447
 1500675715788
 1500675717304
 1500675718450
 1500675720652
 1500675721084
 1500675721448
 1500675723041
 1500675723800
 1500675724309
 1500675726543
 1500675727534
 1500675730449
 1500675732277
 1500675733659
 1500675733734
 1500675735982
 1500675736317
 1500675736759
 1500675744102
 1500675749085
 1500675749252
 1500675753024
 1500675755329
 1500675755544
 1500675758475
 1500675758993
 1500675762431
 1500675763540
 1500675781233
 1500675782135
 1500675787254
 1500675789234
 1500675791523
 1500675793771
 1500675795404
 1500675820089
 1500675837359
 1500675837527
 1500675839362
 1500675841479
 1500675857689
 1500675858329
 1500675865924
 1500675871264
 1500675872162
 1500675873465
 1500675873855
 1500675877190
 1500675878784
 1500675880280
 1500675881095
 1500675884824
 1500675888474
 1500675896534
 1500675897380
 1500675899914
 1500675902161
 1500675902757
 1500675906219
 1500675915378
 1500675916130
 1500675916202
 1500675918585
 1500675919356
 1500675920047
 1500675920189
 1500675921454
 1500675924214
 1500675926995
 1500675927582
 1500675931035
 1500675932673
 1500675934185
 1500675935637
 1500675938193
 1500675940730
 1500675940771
 1500675943203
 1500675944637
 1500675944757
 1500675946170
 1500675947062
 1500675947085
 1500675951119
 1500675952116
 1500675955884
 1500675956816
 1500675957743
 1500675958558
 1500675959056
 1500675960510
 1500675965641
 1500675967244
 1500675968034
 1500675969166
 1500675969203
 1500675969409
 1500675969866
 1500675974644
 1500675976957
 1500675977035
 1500675982617
 1500675983571
 1500675987166
 1500675987171
 1500675989734
 1500675991776
 1500675993839
 1500675995289
 1500675998318
 1500675998651
 1500676011131
 1500676013987
 1500676016050
 1500676019027
 1500676022532
 1500676022690
 1500676023880
 1500676024841
 1500676025349
 1500676027728
 1500676027738
 1500676030037
 1500676030959
 1500676031204
 1500676038328
 1500676038716
 1500676042387
 1500676042549
 1500676051902
 1500676055933
 1500676058827
 1500676064047
 1500676067845
 1500676069945
 1500676072151
 1500676072250
 1500676072416
 1500676074102
 1500676076124
 1500676076338
 1500676081574
 1500676083448
 1500676087013
 1500676090490
 1500676091836
 1500676094221
 1500676095441
 1500676096429
 1500676097049
 1500676104142
 1500676108973
 1500676110748
 1500676110940
 1500676116735
 1500676117389
 1500676117449
 1500676119336
 1500676119534
 1500676122456
 1500676124402
 1500676125569
 1500676126997
 1500676129029
 1500676129674
 1500676132546
 1500676132694
 1500676137639
 1500676139659
 1500676141815
 1500676149229
 1500676157691
 1500676158411
 1500676162266
 1500676168315
 1500676168925
 1500676169020
 1500676169233
 1500676169867
 1500676176352
 1500676181163
 1500676181545
 1500676182055
 1500676183781
 1500676184053
 1500676189616
 1500676193476
 1500676196666
 1500676196740
 1500676199954
 1500676204216
 1500676206309
 1500676206864
 1500676207528
 1500676207542
 1500676208615
 1500676209134
 1500676213692
 1500676221065
 1500676221672
 1500676224536
 1500676225727
 1500676230020
 1500676231759
 1500676232322
 1500676235549
 1500676239449
 1500676246092
 1500676246881
 1500676252207
 1500676252813
 1500676252817
 1500676252903
 1500676253460
 1500676254676
 1500676257992
 1500676265961
 1500676266736
 1500676266790
 1500676269441
 1500676272505
 1500676273185
 1500676274727
 1500676278504
 1500676280308
 1500676283557
 1500676298181
 1500676298338
 1500676299311
 1500676300355
 1500676301497
 1500676309114
 1500676310588
 1500676311022
 1500676311444
 1500676313728
 1500676318029
 1500676319995
 1500676320610
 1500676321047
 1500676323363
 1500676325597
 1500676333315
 1500676341762
 1500676350109
 1500676351947
 1500676352258
 1500676354224
 1500676357308
 1500676357641
 1500676357694
 1500676366396
 1500676367903
 1500676383644
 1500676383883
 1500676386764
 1500676388002
 1500676392412
 1500676398611
 1500676398992
 1500676401497
 1500676403708
 1500676404115
 1500676406498
 1500676406690
 1500676408741
 1500676408948
 1500676411076
 1500676411116
 1500676413199
 1500676417265
 1500676427624
 1500676427686
 1500676428366
 1500676438983
 1500676439391
 1500676444814
 1500676451263
 1500676451984
 1500676452471
 1500676454363
 1500676456774
 1500676459834
 1500676462355
 1500676466993
 1500676472259
 1500676472542
 1500676472830
 1500676473885
 1500676474753
 1500676474820
 1500676476531
 1500676477181
 1500676478470
 1500676478856
 1500676481701
 1500676484931
 1500676485013
 1500676485429
 1500676485547
 1500676490949
 1500676500189
 1500676504848
 1500676507317
 1500676512832
 1500676516028
 1500676518685
 1500676519651
 1500676519754
 1500676520459
 1500676522130
 1500676522982
 1500676526221
 1500676527575
 1500676529146
 1500676530030
 1500676530438
 1500676530969
 1500676534153
 1500676534155
 1500676544415
 1500676547347
 1500676553549
 1500676553764
 1500676555252
 1500676555790
 1500676560439
 1500676563028
 1500676564502
 1500676568506
 1500676569612
 1500676572665
 1500676577786
 1500676578851
 1500676579243
 1500676582588
 1500676586322
 1500676587268
 1500676588191
 1500676588221
 1500676589634
 1500676590155
 1500676590723
 1500676590794
 1500676601382
 1500676603737
 1500676605213
 1500676606797
 1500676608249
 1500676608629
 1500676609097
 1500676611949
 1500676614646
 1500676614763
 1500676616257
 1500676616853
 1500676617050
 1500676617055
 1500676628989
 1500676629464
 1500676629569
 1500676629579
 1500676632689
 1500676633614
 1500676634261
 1500676635839
 1500676640965
 1500676640971
 1500676641522
 1500676642064
 1500676643139
 1500676646929
 1500676648310
 1500676648597
 1500676651817
 1500676652626
 1500676653343
 1500676654978
 1500676657297
 1500676659989
 1500676659999
 1500676672574
 1500676673077
 1500676673079
 1500676677086
 1500676678704
 1500676681715
 1500676682753
 1500676683822
 1500676684300
 1500676685159
 1500676685163
 1500676691945
 1500676694223
 1500676695286
 1500676695667
 1500676696015
 1500676696984
 1500676697587
 1500676698803
 1500676700539
 1500676701432
 1500676703327
 1500676705193
 1500676707143
 1500676708810
 1500676709577
 1500676710371
 1500676710556
 1500676713020
 1500676715778
 1500676716760
 1500676718017
 1500676718869
 1500676719185
 1500676719449
 1500676721429
 1500676728788
 1500676731442
 1500676738197
 1500676739163
 1500676743443
 1500676745642
 1500676745683
 1500676745983
 1500676753738
 1500676755462
 1500676756800
 1500676756931
 1500676760787
 1500676761440
 1500676761863
 1500676762370
 1500676762801
 1500676766838
 1500676767465
 1500676770832
 1500676783071
 1500676785375
 1500676786640
 1500676787039
 1500676788559
 1500676789680
 1500676792594
 1500676793935
 1500676798848
 1500676799308
 1500676799786
 1500676801086
 1500676802970
 1500676805464
 1500676805995
 1500676807294
 1500676809051
 1500676809899
 1500676811425
 1500676811677
 1500676812731
 1500676813633
 1500676813674
 1500676813712
 1500676813804
 1500676816770
 1500676818427
 1500676818626
 1500676819674
 1500676824237
 1500676825164
 1500676836280
 1500676837166
 1500676837641
 1500676841433
 1500676844081
 1500676846432
 1500676848590
 1500676849332
 1500676853219
 1500676856934
 1500676858029
 1500676860314
 1500676860360
 1500676863102
 1500676865842
 1500676866546
 1500676871084
 1500676872946
 1500676874290
 1500676877088
 1500676877352
 1500676877454
 1500676877672
 1500676877884
 1500676880297
 1500676883985
 1500676884160
 1500676884168
 1500676884212
 1500676884314
 1500676885867
 1500676888252
 1500676888275
 1500676888545
 1500676894959
 1500676896315
 1500676896385
 1500676898504
 1500676900700
 1500676901226
 1500676901263
 1500676903540
 1500676904992
 1500676908921
 1500676913613
 1500676913791
 1500676921826
 1500676923282
 1500676924189
 1500676927513
 1500676927602
 1500676932630
 1500676933794
 1500676933997
 1500676934056
 1500676934498
 1500676935314
 1500676938766
 1500676940246
 1500676940737
 1500676942218
 1500676947577
 1500676948288
 1500676948563
 1500676948650
 1500676948944
 1500676951069
 1500676951343
 1500676954431
 1500676959439
 1500676961290
 1500676961370
 1500676961474
 1500676961547
 1500676963091
 1500676965482
 1500676966655
 1500676966680
 1500676967919
 1500676974013
 1500676974618
 1500676974950
 1500676975130
 1500676977221
 1500676978132
 1500676978281
 1500676978961
 1500676980280
 1500676980912
 1500676986412
 1500676986674
 1500676986911
 1500676987801
 1500676989526
 1500676992858
 1500676998960
 1500676999696
 1500677000280
 1500677001657
 1500677003525
 1500677012248
 1500677014440
 1500677015885
 1500677021080
 1500677021930
 1500677022608
 1500677024165
 1500677024440
 1500677024496
 1500677025359
 1500677027975
 1500677028789
 1500677029013
 1500677033599
 1500677034681
 1500677034783
 1500677035210
 1500677035789
 1500677036257
 1500677036671
 1500677036993
 1500677037876
 1500677038141
 1500677040238
 1500677042291
 1500677045907
 1500677046871
 1500677047222
 1500677049212
 1500677049388
 1500677050617
 1500677055125
 1500677055249
 1500677055428
 1500677060042
 1500677062789
 1500677067045
 1500677067132
 1500677069694
 1500677070687
 1500677073590
 1500677074457
 1500677075018
 1500677075623
 1500677077940
 1500677079365
 1500677080012
 1500677086679
 1500677086813
 1500677086986
 1500677092622
 1500677093355
 1500677095956
 1500677103844
 1500677105799
 1500677108740
 1500677109928
 1500677117470
 1500677121392
 1500677125020
 1500677127628
 1500677127639
 1500677128200
 1500677129293
 1500677130287
 1500677130448
 1500677134160
 1500677134667
 1500677142759
 1500677143196
 1500677143574
 1500677143651
 1500677144889
 1500677147076
 1500677151594
 1500677154085
 1500677154879
 1500677155121
 1500677158422
 1500677159172
 1500677161858
 1500677162321
 1500677162322
 1500677163164
 1500677164942
 1500677166293
 1500677171459
 1500677172833
 1500677175198
 1500677177390
 1500677183937
 1500677185042
 1500677186237
 1500677189882
 1500677193218
 1500677193683
 1500677193910
 1500677194472
 1500677195699
 1500677199409
 1500677199872
 1500677200776
 1500677209156
 1500677209354
 1500677210011
 1500677210460
 1500677211169
 1500677213933
 1500677216545
 1500677216804
 1500677216876
 1500677217657
 1500677219248
 1500677220574
 1500677223209
 1500677223452
 1500677223593
 1500677226254
 1500677226595
 1500677227918
 1500677228373
 1500677231634
 1500677231856
 1500677234737
 1500677235975
 1500677236044
 1500677236667
 1500677239802
 1500677239857
 1500677240502
 1500677246207
 1500677246298
 1500677246345
 1500677254025
 1500677258344
 1500677258363
 1500677258388
 1500677265680
 1500677267067
 1500677269696
 1500677272336
 1500677274748
 1500677275222
 1500677275515
 1500677275946
 1500677278553
 1500677279903
 1500677283928
 1500677289919
 1500677290056
 1500677290960
 1500677291110
 1500677296019
 1500677296346
 1500677298138
 1500677299071
 1500677299726
 1500677300091
 1500677300376
 1500677300931
 1500677302293
 1500677303295
 1500677307265
 1500677308503
 1500677308652
 1500677308815
 1500677308823
 1500677309144
 1500677309533
 1500677314489
 1500677319516
 1500677321505
 1500677326706
 1500677327105
 1500677328442
 1500677329212
 1500677333357
 1500677333394
 1500677336171
 1500677336598
 1500677339231
 1500677341245
 1500677343796
 1500677345620
 1500677346471
 1500677348180
 1500677348885
 1500677350327
 1500677351669
 1500677352853
 1500677355381
 1500677361897
 1500677364348
 1500677365027
 1500677365955
 1500677371133
 1500677376162
 1500677379451
 1500677379923
 1500677381412
 1500677381623
 1500677385537
 1500677389073
 1500677390871
 1500677393997
 1500677397549
 1500677399586
 1500677407336
 1500677409670
 1500677410153
 1500677413037
 1500677413620
 1500677416345
 1500677436185
 1500677437040
 1500677438068
 1500677441572
 1500677444842
 1500677445868
 1500677447567
 1500677448206
 1500677456204
 1500677456669
 1500677458402
 1500677461801
 1500677463969
 1500677466322
 1500677466581
 1500677468261
 1500677468832
 1500677474378
 1500677478461
 1500677479420
 1500677483854
 1500677484272
 1500677487005
 1500677495375
 1500677496292
 1500677496778
 1500677496781
 1500677496954
 1500677502766
 1500677507754
 1500677508444
 1500677509694
 1500677511616
 1500677518094
 1500677519527
 1500677521092
 1500677522397
 1500677523660
 1500677526870
 1500677527211
 1500677527233
 1500677527661
 1500677528194
 1500677528771
 1500677530209
 1500677531205
 1500677533913
 1500677534009
 1500677536893
 1500677538204
 1500677541195
 1500677542592
 1500677542722
 1500677544150
 1500677546621
 1500677546851
 1500677550706
 1500677552634
 1500677554878
 1500677555097
 1500677555910
 1500677558192
 1500677558978
 1500677559120
 1500677560319
 1500677561842
 1500677563941
 1500677566844
 1500677567705
 1500677569065
 1500677569128
 1500677569365
 1500677569910
 1500677570382
 1500677570792
 1500677571336
 1500677578413
 1500677579480
 1500677579605
 1500677579739
 1500677580266
 1500677581411
 1500677582322
 1500677582437
 1500677582698
 1500677582813
 1500677583694
 1500677586414
 1500677587602
 1500677589481
 1500677590544
 1500677593638
 1500677593771
 1500677594679
 1500677596387
 1500677599176
 1500677599889
 1500677601429
 1500677606258
 1500677608006
 1500677613208
 1500677613217
 1500677613600
 1500677616003
 1500677619602
 1500677622222
 1500677622538
 1500677625367
 1500677626207
 1500677628733
 1500677630266
 1500677631877
 1500677633836
 1500677634908
 1500677636245
 1500677639053
 1500677639382
 1500677639659
 1500677640675
 1500677641979
 1500677644433
 1500677646593
 1500677647658
 1500677648897
 1500677650037
 1500677652531
 1500677655948
 1500677656144
 1500677656344
 1500677656601
 1500677657215
 1500677659658
 1500677659990
 1500677660564
 1500677661408
 1500677661812
 1500677662302
 1500677662355
 1500677662452
 1500677663018
 1500677663279
 1500677663348
 1500677664195
 1500677667124
 1500677667744
 1500677669171
 1500677673453
 1500677674023
 1500677674580
 1500677675951
 1500677678490
 1500677679004
 1500677679156
 1500677680001
 1500677682662
 1500677686713
 1500677687103
 1500677687419
 1500677689888
 1500677693872
 1500677694218
 1500677695352
 1500677698742
 1500677701434
 1500677703284
 1500677704200
 1500677705173
 1500677705519
 1500677706291
 1500677706871
 1500677712543
 1500677720403
 1500677723051
 1500677726137
 1500677730253
 1500677730976
 1500677735357
 1500677736816
 1500677737661
 1500677741564
 1500677743801
 1500677745285
 1500677746027
 1500677748420
 1500677752040
 1500677754431
 1500677764243
 1500677764317
 1500677770897
 1500677771640
 1500677772422
 1500677772762
 1500677772787
 1500677772858
 1500677773774
 1500677773970
 1500677774266
 1500677775028
 1500677775060
 1500677775098
 1500677776051
 1500677785220
 1500677785619
 1500677785951
 1500677786783
 1500677789650
 1500677791149
 1500677791720
 1500677794758
 1500677795334
 1500677797563
 1500677798906
 1500677799259
 1500677804514
 1500677817138
 1500677821710
 1500677823379
 1500677829295
 1500677829882
 1500677833009
 1500677833151
 1500677836213
 1500677836909
 1500677837226
 1500677838199
 1500677838542
 1500677845697
 1500677846023
 1500677846657
 1500677847294
 1500677849196
 1500677852596
 1500677855795
 1500677855935
 1500677857284
 1500677857574
 1500677858301
 1500677859170
 1500677859589
 1500677860175
 1500677864010
 1500677865736
 1500677867871
 1500677869111
 1500677869228
 1500677870317
 1500677870639
 1500677870980
 1500677872342
 1500677875614
 1500677875845
 1500677880346
 1500677880392
 1500677880535
 1500677881805
 1500677884598
 1500677886714
 1500677886751
 1500677888478
 1500677888564
 1500677889635
 1500677890090
 1500677890158
 1500677890958
 1500677891360
 1500677892547
 1500677893518
 1500677894515
 1500677895208
 1500677895745
 1500677898041
 1500677899275
 1500677899312
 1500677899335
 1500677899464
 1500677899959
 1500677900029
 1500677900592
 1500677900757
 1500677900759
 1500677900816
 1500677901074
 1500677901440
 1500677901603
 1500677901615
 1500677903035
 1500677903737
 1500677904588
 1500677906475
 1500677909175
 1500677909834
 1500677909871
 1500677912897
 1500677913663
 1500677914236
 1500677914272
 1500677914852
 1500677914998
 1500677917211
 1500677919412
 1500677921568
 1500677924929
 1500677926080
 1500677927232
 1500677932598
 1500677933515
 1500677935492
 1500677935998
 1500677937401
 1500677937859
 1500677938044
 1500677943845
 1500677944631
 1500677946920
 1500677947824
 1500677952250
 1500677954109
 1500677955957
 1500677956582
 1500677956833
 1500677957116
 1500677960526
 1500677962379
 1500677962879
 1500677968019
 1500677970362
 1500677971661
 1500677973716
 1500677974154
 1500677974265
 1500677974683
 1500677975158
 1500677976579
 1500677978768
 1500677978874
 1500677979011
 1500677983924
 1500677984301
 1500677984651
 1500677984950
 1500677985677
 1500677985907
 1500677985919
 1500677986113
 1500677986979
 1500677987207
 1500677991373
 1500677994472
 1500677995533
 1500677997670
 1500678000828
 1500678001067
 1500678003206
 1500678005644
 1500678007694
 1500678008872
 1500678008908
 1500678008988
 1500678014654
 1500678015385
 1500678016025
 1500678016483
 1500678016906
 1500678018340
 1500678021557
 1500678022206
 1500678024426
 1500678024912
 1500678024953
 1500678025803
 1500678026112
 1500678026851
 1500678027376
 1500678028733
 1500678031073
 1500678031256
 1500678031351
 1500678031355
 1500678032703
 1500678034360
 1500678034432
 1500678034543
 1500678034806
 1500678035260
 1500678036857
 1500678042607
 1500678043673
 1500678043878
 1500678044233
 1500678044250
 1500678046583
 1500678048215
 1500678048877
 1500678050523
 1500678053990
 1500678054375
 1500678055765
 1500678056282
 1500678056731
 1500678056761
 1500678058064
 1500678058928
 1500678058981
 1500678058997
 1500678060684
 1500678065469
 1500678065589
 1500678069066
 1500678070714
 1500678070764
 1500678073470
 1500678074356
 1500678076372
 1500678077245
 1500678077364
 1500678077551
 1500678080452
 1500678080908
 1500678082088
 1500678082343
 1500678084726
 1500678090157
 1500678090688
 1500678094826
 1500678097767
 1500678099661
 1500678099737
 1500678099910
 1500678101273
 1500678102297
 1500678102334
 1500678102380
 1500678103927
 1500678104716
 1500678105632
 1500678106863
 1500678107584
 1500678108467
 1500678108684
 1500678111112
 1500678111189
 1500678114758
 1500678116373
 1500678116837
 1500678117163
 1500678117920
 1500678118770
 1500678119305
 1500678119972
 1500678120181
 1500678120184
 1500678120552
 1500678123917
 1500678124693
 1500678128417
 1500678129803
 1500678131027
 1500678131384
 1500678131746
 1500678134751
 1500678135947
 1500678136510
 1500678137003
 1500678141249
 1500678142629
 1500678142943
 1500678143011
 1500678153442
 1500678154603
 1500678154740
 1500678155970
 1500678157149
 1500678163537
 1500678164247
 1500678164858
 1500678164919
 1500678166418
 1500678167497
 1500678168310
 1500678168422
 1500678168701
 1500678169357
 1500678171639
 1500678172814
 1500678173674
 1500678174568
 1500678175915
 1500678182780
 1500678183158
 1500678183453
 1500678184319
 1500678185862
 1500678185914
 1500678187443
 1500678188504
 1500678189020
 1500678189054
 1500678190235
 1500678190303
 1500678191215
 1500678191267
 1500678191803
 1500678191841
 1500678192629
 1500678192980
 1500678194167
 1500678194921
 1500678196033
 1500678197114
 1500678197939
 1500678199401
 1500678204099
 1500678206293
 1500678206322
 1500678210504
 1500678210577
 1500678210984
 1500678212743
 1500678213852
 1500678214470
 1500678214546
 1500678215057
 1500678215131
 1500678215826
 1500678216777
 1500678217101
 1500678218423
 1500678219819
 1500678220063
 1500678221686
 1500678221745
 1500678221880
 1500678222008
 1500678222227
 1500678222234
 1500678222625
 1500678223471
 1500678223559
 1500678224386
 1500678224969
 1500678225905
 1500678226156
 1500678227029
 1500678228718
 1500678228737
 1500678229872
 1500678230139
 1500678230421
 1500678230584
 1500678231474
 1500678231674
 1500678233349
 1500678237151
 1500678237975
 1500678239459
 1500678240298
 1500678241272
 1500678242213
 1500678242922
 1500678243743
 1500678244833
 1500678246160
 1500678246539
 1500678246754
 1500678248920
 1500678250519
 1500678254334
 1500678255913
 1500678258281
 1500678258743
 1500678259214
 1500678260090
 1500678260380
 1500678260383
 1500678260766
 1500678261124
 1500678261485
 1500678261553
 1500678262254
 1500678262754
 1500678264348
 1500678264573
 1500678266137
 1500678274953
 1500678275444
 1500678279537
 1500678280147
 1500678283307
 1500678283525
 1500678292680
 1500678294201
 1500678294688
 1500678294892
 1500678301117
 1500678305468
 1500678306083
 1500678308516
 1500678311757
 1500678312004
 1500678314504
 1500678315380
 1500678315682
 1500678317649
 1500678319451
 1500678324622
 1500678325391
 1500678325499
 1500678327382
 1500678332674
 1500678334712
 1500678336632
 1500678339629
 1500678340989
 1500678344076
 1500678346755
 1500678347699
 1500678356720
 1500678360918
 1500678364021
 1500678365224
 1500678367910
 1500678368347
 1500678368638
 1500678369034
 1500678370923
 1500678371041
 1500678372533
 1500678375014
 1500678379173
 1500678381172
 1500678382034
 1500678387777
 1500678389496
 1500678389904
 1500678390695
 1500678391277
 1500678392988
 1500678394556
 1500678400405
 1500678401512
 1500678403541
 1500678404811
 1500678408118
 1500678411570
 1500678412787
 1500678414782
 1500678415367
 1500678415541
 1500678416485
 1500678417796
 1500678419154
 1500678421033
 1500678421467
 1500678423377
 1500678424319
 1500678424562
 1500678424717
 1500678425627
 1500678426678
 1500678428001
 1500678429375
 1500678430313
 1500678431412
 1500678432097
 1500678432540
 1500678433252
 1500678433338
 1500678433382
 1500678434049
 1500678434896
 1500678436990
 1500678440351
 1500678441883
 1500678441929
 1500678442075
 1500678442582
 1500678442686
 1500678442736
 1500678445032
 1500678445093
 1500678445790
 1500678445955
 1500678445966
 1500678448714
 1500678450279
 1500678450323
 1500678451044
 1500678451856
 1500678452122
 1500678453337
 1500678454438
 1500678456807
 1500678458130
 1500678461029
 1500678462156
 1500678463479
 1500678463612
 1500678463719
 1500678463972
 1500678464088
 1500678466051
 1500678467281
 1500678467963
 1500678468505
 1500678468801
 1500678469181
 1500678469185
 1500678469469
 1500678469799
 1500678471441
 1500678472398
 1500678472584
 1500678472766
 1500678473117
 1500678473476
 1500678475218
 1500678475870
 1500678476319
 1500678477010
 1500678477353
 1500678478491
 1500678479423
 1500678480059
 1500678481263
 1500678482389
 1500678482741
 1500678483465
 1500678484254
 1500678484337
 1500678485071
 1500678486481
 1500678486657
 1500678487621
 1500678488609
 1500678489468
 1500678490460
 1500678490542
 1500678491373
 1500678492447
 1500678493329
 1500678494615
 1500678495805
 1500678496522
 1500678496786
 1500678496806
 1500678497065
 1500678497256
 1500678497766
 1500678499666
 1500678499796
 1500678502187
 1500678503628
 1500678504775
 1500678505451
 1500678508771
 1500678512525
 1500678513147
 1500678513521
 1500678515915
 1500678516571
 1500678518431
 1500678520712
 1500678521993
 1500678522903
 1500678524084
 1500678525212
 1500678525384
 1500678526677
 1500678533121
 1500678533633
 1500678535574
 1500678535765
 1500678537086
 1500678538317
 1500678538788
 1500678542637
 1500678543329
 1500678544912
 1500678545341
 1500678550438
 1500678550776
 1500678551466
 1500678552216
 1500678554473
 1500678557068
 1500678566978
 1500678568166
 1500678576110
 1500678578697
 1500678588395
 1500678596604
 1500678596914
 1500678600637
 1500678602663
 1500678606497
 1500678610424
 1500678611038
 1500678613091
 1500678613094
 1500678615027
 1500678617153
 1500678617372
 1500678624390
 1500678624570
 1500678629019
 1500678629925
 1500678629981
 1500678630148
 1500678630446
 1500678631225
 1500678631783
 1500678631844
 1500678632453
 1500678634663
 1500678636893
 1500678638528
 1500678640959
 1500678646427
 1500678648333
 1500678651896
 1500678653183
 1500678655133
 1500678656950
 1500678658374
 1500678659054
 1500678671644
 1500678676476
 1500678676512
 1500678680054
 1500678680460
 1500678682109
 1500678686496
 1500678687285
 1500678687920
 1500678691387
 1500678693941
 1500678694188
 1500678697373
 1500678699328
 1500678699331
 1500678700873
 1500678701277
 1500678701734
 1500678702985
 1500678703988
 1500678704137
 1500678704913
 1500678705558
 1500678707730
 1500678715370
 1500678715470
 1500678716726
 1500678716766
 1500678720004
 1500678724865
 1500678725177
 1500678727747
 1500678729368
 1500678742419
 1500678744647
 1500678745588
 1500678745856
 1500678746408
 1500678747210
 1500678747517
 1500678748640
 1500678749589
 1500678750291
 1500678750319
 1500678750514
 1500678750535
 1500678753013
 1500678754358
 1500678754994
 1500678755246
 1500678760568
 1500678761488
 1500678763443
 1500678763444
 1500678763542
 1500678763575
 1500678764360
 1500678764883
 1500678766397
 1500678767335
 1500678767624
 1500678768060
 1500678768323
 1500678768726
 1500678768738
 1500678768893
 1500678769378
 1500678773167
 1500678774159
 1500678775387
 1500678775914
 1500678776119
 1500678777646
 1500678780046
 1500678780056
 1500678780114
 1500678781700
 1500678783257
 1500678785011
 1500678786495
 1500678787440
 1500678788405
 1500678788832
 1500678788976
 1500678789402
 1500678789470
 1500678789482
 1500678789897
 1500678790323
 1500678791358
 1500678792204
 1500678794023
 1500678796229
 1500678796496
 1500678796511
 1500678799525
 1500678800191
 1500678801416
 1500678801533
 1500678801845
 1500678802131
 1500678804013
 1500678804072
 1500678804422
 1500678805814
 1500678805873
 1500678806202
 1500678807020
 1500678807431
 1500678807944
 1500678809094
 1500678809299
 1500678809345
 1500678810496
 1500678811654
 1500678813580
 1500678814402
 1500678815886
 1500678818125
 1500678819938
 1500678820142
 1500678823684
 1500678829089
 1500678830387
 1500678830760
 1500678831046
 1500678831068
 1500678831996
 1500678832071
 1500678836477
 1500678838922
 1500678838973
 1500678839493
 1500678839946
 1500678842810
 1500678842870
 1500678842905
 1500678842976
 1500678843043
 1500678843101
 1500678843152
 1500678843155
 1500678844517
 1500678844566
 1500678850386
 1500678851381
 1500678851934
 1500678853788
 1500678854655
 1500678855128
 1500678855426
 1500678855727
 1500678856806
 1500678857732
 1500678858922
 1500678859121
 1500678862168
 1500678863528
 1500678864141
 1500678864800
 1500678866463
 1500678866573
 1500678867351
 1500678867725
 1500678867948
 1500678868177
 1500678868734
 1500678869541
 1500678869842
 1500678870577
 1500678871393
 1500678873904
 1500678877491
 1500678878692
 1500678879311
 1500678879461
 1500678879664
 1500678879703
 1500678880504
 1500678881460
 1500678881558
 1500678881562
 1500678881775
 1500678884672
 1500678884934
 1500678884953
 1500678886413
 1500678887475
 1500678887947
 1500678888877
 1500678889489
 1500678890702
 1500678890834
 1500678891732
 1500678891782
 1500678892113
 1500678892787
 1500678894145
 1500678894569
 1500678895010
 1500678895082
 1500678895376
 1500678895826
 1500678896722
 1500678898274
 1500678898358
 1500678898776
 1500678899406
 1500678900543
 1500678901089
 1500678901191
 1500678901219
 1500678904598
 1500678905532
 1500678907355
 1500678907966
 1500678908033
 1500678908741
 1500678908838
 1500678908945
 1500678910152
 1500678910579
 1500678911250
 1500678911962
 1500678914091
 1500678914770
 1500678914789
 1500678915765
 1500678917127
 1500678917836
 1500678917848
 1500678917935
 1500678918709
 1500678918719
 1500678919102
 1500678919228
 1500678920441
 1500678921545
 1500678922658
 1500678923016
 1500678926351
 1500678926678
 1500678926948
 1500678927577
 1500678927618
 1500678928594
 1500678929074
 1500678931113
 1500678931337
 1500678933521
 1500678934126
 1500678934354
 1500678934429
 1500678934538
 1500678936196
 1500678936638
 1500678936936
 1500678937008
 1500678939558
 1500678940474
 1500678941229
 1500678941940
 1500678943531
 1500678947346
 1500678947356
 1500678948001
 1500678948873
 1500678949281
 1500678949641
 1500678949744
 1500678949798
 1500678950334
 1500678950804
 1500678950811
 1500678950998
 1500678952650
 1500678952700
 1500678952719
 1500678953713
 1500678954852
 1500678955099
 1500678955457
 1500678957685
 1500678958099
 1500678958178
 1500678958180
 1500678958332
 1500678959244
 1500678960058
 1500678960416
 1500678960977
 1500678961235
 1500678961276
 1500678961655
 1500678961762
 1500678961974
 1500678962489
 1500678962492
 1500678962664
 1500678963001
 1500678963629
 1500678964268
 1500678964524
 1500678964671
 1500678969563
 1500678970028
 1500678970183
 1500678970836
 1500678971566
 1500678972072
 1500678972522
 1500678972791
 1500678973594
 1500678973862
 1500678976175
 1500678979079
 1500678979365
 1500678980443
 1500678980681
 1500678982099
 1500678982988
 1500678983163
 1500678983877
 1500678984022
 1500678984219
 1500678984270
 1500678984277
 1500678985920
 1500678986262
 1500678986935
 1500678986967
 1500678987291
 1500678989286
 1500678990121
 1500678990134
 1500678990920
 1500678990937
 1500678991149
 1500678991416
 1500678991655
 1500678991865
 1500678993930
 1500678994828
 1500678995614
 1500678995919
 1500678996026
 1500678996205
 1500678996414
 1500678997569
 1500678998212
 1500678999187
 1500678999273
 1500678999378
 1500678999696
 1500678999853
 1500679000455
 1500679001079
 1500679002275
 1500679003045
 1500679003256
 1500679003376
 1500679003529
 1500679004102
 1500679005007
 1500679007373
 1500679007577
 1500679009168
 1500679010130
 1500679010235
 1500679010389
 1500679010961
 1500679011348
 1500679012719
 1500679012911
 1500679012935
 1500679014149
 1500679014668
 1500679014750
 1500679014887
 1500679015456
 1500679015711
 1500679016411
 1500679017353
 1500679017620
 1500679018451
 1500679018807
 1500679020686
 1500679022056
 1500679023039
 1500679023511
 1500679024124
 1500679025690
 1500679026284
 1500679027560
 1500679028829
 1500679029007
 1500679029026
 1500679029140
 1500679029287
 1500679029443
 1500679029564
 1500679030267
 1500679030308
 1500679031643
 1500679031663
 1500679032571
 1500679033442
 1500679033665
 1500679034342
 1500679034343
 1500679034611
 1500679035901
 1500679036336
 1500679036670
 1500679036852
 1500679037335
 1500679037968
 1500679038096
 1500679038122
 1500679039428
 1500679040248
 1500679040894
 1500679040948
 1500679041053
 1500679041172
 1500679042118
 1500679042295
 1500679042767
 1500679042990
 1500679043180
 1500679043299
 1500679044340
 1500679044344
 1500679045706
 1500679046474
 1500679047413
 1500679047675
 1500679047886
 1500679047888
 1500679048075
 1500679048343
 1500679048495
 1500679048496
 1500679048614
 1500679049488
 1500679049991
 1500679050335
 1500679050734
 1500679051154
 1500679051171
 1500679051174
 1500679051747
 1500679051787
 1500679052011
 1500679052064
 1500679052739
 1500679052982
 1500679053057
 1500679054016
 1500679054437
 1500679056138
 1500679056860
 1500679056971
 1500679057585
 1500679058145
 1500679059464
 1500679059626
 1500679060482
 1500679060527
 1500679061136
 1500679062079
 1500679062118
 1500679062325
 1500679062997
 1500679063267
 1500679066365
 1500679067409
 1500679067840
 1500679068018
 1500679068019
 1500679069370
 1500679069561
 1500679070269
 1500679072553
 1500679073647
 1500679073880
 1500679075862
 1500679076404
 1500679077373
 1500679079088
 1500679080984
 1500679081493
 1500679082103
 1500679082505
 1500679083573
 1500679083590
 1500679086284
 1500679087475
 1500679089807
 1500679089922
 1500679091068
 1500679091682
 1500679091810
 1500679091937
 1500679092813
 1500679092930
 1500679093025
 1500679093784
 1500679094835
 1500679095473
 1500679095480
 1500679095574
 1500679096464
 1500679098656
 1500679101417
 1500679101794
 1500679102580
 1500679102746
 1500679102943
 1500679103081
 1500679104370
 1500679104491
 1500679105778
 1500679105931
 1500679108154
 1500679113269
 1500679114008
 1500679114333
 1500679114958
 1500679115429
 1500679117211
 1500679118599
 1500679119016
 1500679125556
 1500679125606
 1500679128791
 1500679130602
 1500679130785
 1500679131118
 1500679131462
 1500679131606
 1500679132284
 1500679133773
 1500679134080
 1500679135914
 1500679136239
 1500679140110
 1500679140692
 1500679145822
 1500679151870
 1500679153143
 1500679153157
 1500679153466
 1500679155780
 1500679156157
 1500679156744
 1500679156793
 1500679156910
 1500679158441
 1500679159302
 1500679160386
 1500679160546
 1500679161342
 1500679161976
 1500679163651
 1500679163699
 1500679164496
 1500679165514
 1500679165712
 1500679165816
 1500679167860
 1500679168401
 1500679168438
 1500679169375
 1500679169590
 1500679171905
 1500679172125
 1500679172389
 1500679173284
 1500679173331
 1500679173990
 1500679174161
 1500679176968
 1500679177627
 1500679178467
 1500679178669
 1500679179879
 1500679180339
 1500679180604
 1500679180944
 1500679180996
 1500679181838
 1500679182022
 1500679182726
 1500679182779
 1500679185294
 1500679185710
 1500679186592
 1500679186988
 1500679187860
 1500679188227
 1500679188719
 1500679189123
 1500679189393
 1500679190126
 1500679191298
 1500679191318
 1500679191521
 1500679193141
 1500679194374
 1500679195841
 1500679196226
 1500679196382
 1500679198312
 1500679199864
 1500679200141
 1500679200629
 1500679201716
 1500679202595
 1500679202633
 1500679202697
 1500679202984
 1500679203476
 1500679205063
 1500679205532
 1500679205744
 1500679205820
 1500679206056
 1500679206928
 1500679208113
 1500679208198
 1500679209265
 1500679210454
 1500679210746
 1500679211559
 1500679211650
 1500679211917
 1500679212086
 1500679212631
 1500679212709
 1500679212743
 1500679212885
 1500679213222
 1500679213334
 1500679216702
 1500679217378
 1500679218643
 1500679219271
 1500679220203
 1500679221195
 1500679222647
 1500679222671
 1500679222758
 1500679222893
 1500679223037
 1500679223069
 1500679223420
 1500679223517
 1500679224248
 1500679224473
 1500679225499
 1500679226063
 1500679226755
 1500679226907
 1500679226913
 1500679228426
 1500679228794
 1500679229683
 1500679230120
 1500679230161
 1500679230805
 1500679231951
 1500679233362
 1500679233848
 1500679235057
 1500679235059
 1500679236417
 1500679236664
 1500679236744
 1500679237224
 1500679237371
 1500679237647
 1500679239000
 1500679239048
 1500679239744
 1500679240726
 1500679241090
 1500679241434
 1500679241609
 1500679241966
 1500679242032
 1500679242504
 1500679242614
 1500679242772
 1500679242865
 1500679243662
 1500679243847
 1500679244197
 1500679245149
 1500679248002
 1500679249001
 1500679249012
 1500679249098
 1500679249705
 1500679249767
 1500679250172
 1500679251566
 1500679252005
 1500679252023
 1500679252532
 1500679252999
 1500679253053
 1500679253453
 1500679254709
 1500679254911
 1500679255357
 1500679255524
 1500679255618
 1500679256766
 1500679256835
 1500679257745
 1500679257935
 1500679258684
 1500679259064
 1500679259853
 1500679260330
 1500679262522
 1500679262984
 1500679263734
 1500679265391
 1500679265940
 1500679266253
 1500679266778
 1500679268019
 1500679268899
 1500679269494
 1500679269523
 1500679269682
 1500679269989
 1500679270605
 1500679270986
 1500679271251
 1500679271660
 1500679272487
 1500679272792
 1500679273189
 1500679274898
 1500679276030
 1500679276079
 1500679277122
 1500679277151
 1500679277563
 1500679277958
 1500679278023
 1500679278190
 1500679278311
 1500679278327
 1500679278857
 1500679278994
 1500679279838
 1500679279877
 1500679281159
 1500679281200
 1500679281864
 1500679282195
 1500679282929
 1500679283140
 1500679283157
 1500679283774
 1500679286701
 1500679286745
 1500679287445
 1500679288018
 1500679288207
 1500679288779
 1500679290100
 1500679290151
 1500679290433
 1500679290581
 1500679291127
 1500679291182
 1500679291570
 1500679292162
 1500679292471
 1500679292581
 1500679293002
 1500679293563
 1500679293755
 1500679295064
 1500679295471
 1500679297999
 1500679298109
 1500679298881
 1500679299437
 1500679300276
 1500679301286
 1500679301816
 1500679301943
 1500679303261
 1500679304729
 1500679304937
 1500679305303
 1500679305518
 1500679305786
 1500679305973
 1500679305976
 1500679306014
 1500679306077
 1500679306279
 1500679306829
 1500679307024
 1500679307216
 1500679307305
 1500679307328
 1500679307356
 1500679307421
 1500679307556
 1500679307649
 1500679307885
 1500679307970
 1500679308906
 1500679309409
 1500679309656
 1500679310446
 1500679310830
 1500679311194
 1500679311620
 1500679311853
 1500679312498
 1500679312594
 1500679312848
 1500679314732
 1500679315215
 1500679315261
 1500679315593
 1500679315812
 1500679316098
 1500679316339
 1500679316996
 1500679317035
 1500679317505
 1500679318094
 1500679318176
 1500679318291
 1500679319131
 1500679319941
 1500679320224
 1500679320496
 1500679320548
 1500679320608
 1500679321595
 1500679322472
 1500679322563
 1500679322669
 1500679322872
 1500679323093
 1500679323126
 1500679323579
 1500679325548
 1500679325745
 1500679326494
 1500679326568
 1500679326623
 1500679326738
 1500679327064
 1500679327371
 1500679327379
 1500679327417
 1500679327565
 1500679327599
 1500679327686
 1500679327897
 1500679328368
 1500679329069
 1500679329241
 1500679329272
 1500679331004
 1500679331037
 1500679331100
 1500679331322
 1500679331518
 1500679331560
 1500679331683
 1500679331730
 1500679331755
 1500679331780
 1500679331801
 1500679331967
 1500679332804
 1500679333759
 1500679334161
 1500679334897
 1500679335271
 1500679335353
 1500679335560
 1500679335565
 1500679335775
 1500679336147
 1500679336602
 1500679336605
 1500679336945
 1500679336972
 1500679337148
 1500679337579
 1500679337738
 1500679339108
 1500679339185
 1500679339196
 1500679339544
 1500679339655
 1500679340192
 1500679340236
 1500679340282
 1500679340310
 1500679340341
 1500679340430
 1500679340562
 1500679340684
 1500679341557
 1500679343951
 1500679344750
 1500679344780
 1500679344911
 1500679345057
 1500679345107
 1500679345994
 1500679346154
 1500679346306
 1500679346472
 1500679346791
 1500679346885
 1500679346922
 1500679347064
 1500679347133
 1500679347285
 1500679347477
 1500679347688
 1500679348117
 1500679349144
 1500679349179
 1500679349348
 1500679349666
 1500679349901
 1500679350280
 1500679350599
 1500679350877
 1500679350910
 1500679350922
 1500679350940
 1500679351080
 1500679351356
 1500679351662
 1500679351707
 1500679352626
 1500679353520
 1500679354174
 1500679354250
 1500679354753
 1500679355130
 1500679355226
 1500679355268
 1500679355346
 1500679355456
 1500679355599
 1500679355628
 1500679356007
 1500679356140
 1500679356494
 1500679356958
 1500679357666
 1500679357813
 1500679358281
 1500679358544
 1500679359282
 1500679359792
 1500679359981
 1500679359994
 1500679360054
 1500679360071
 1500679360428
 1500679360620
 1500679360701
 1500679360714
 1500679360721
 1500679360988
 1500679361232
 1500679361324
 1500679362362
 1500679362527
 1500679362620
 1500679362799
 1500679362832
 1500679363253
 1500679363727
 1500679363956
 1500679364406
 1500679364424
 1500679364454
 1500679364595
 1500679364842
 1500679365236
 1500679365249
 1500679365279
 1500679365553
 1500679365586
 1500679366480
 1500679366544
 1500679366564
 1500679369961
 1500679370032
 1500679370058
 1500679370422
 1500679370451
 1500679370520
 1500679370593
 1500679370627
 1500679370685
 1500679370771
 1500679370803
 1500679370865
 1500679370963
 1500679371045
 1500679371095
 1500679371328
 1500679371358
 1500679371361
 1500679371458
 1500679371614
 1500679371686
 1500679372052
 1500679372590
 1500679374186
 1500679374390
 1500679374559
 1500679375055
 1500679375370
 1500679375576
 1500679375630
 1500679375759
 1500679376081
 1500679376142
 1500679376215
 1500679376661
 1500679376695
 1500679376896
 1500679377060
 1500679377075
 1500679377231
 1500679377407
 1500679378251
 1500679379111
 1500679380065
 1500679380252
 1500679381299
 1500679381343
 1500679381384
 1500679381747
 1500679382541
 1500679382733
 1500679383053
 1500679383375
 1500679384061
 1500679384188
 1500679385003
 1500679385145
 1500679386738
 1500679388339
 1500679389054
 1500679389493
 1500679389844
 1500679390074
 1500679390587
 1500679391176
 1500679391360
 1500679391605
 1500679393642
 1500679394166
 1500679394450
 1500679395104
 1500679395131
 1500679395716
 1500679395732
 1500679395750
 1500679395780
 1500679395877
 1500679396874
 1500679396936
 1500679397002
 1500679397105
 1500679397549
 1500679398022
 1500679398089
 1500679398155
 1500679398317
 1500679398341
 1500679398389
 1500679398443
 1500679398594
 1500679399277
 1500679399418
 1500679399875
 1500679401425
 1500679401524
 1500679401597
 1500679402046
 1500679402122
 1500679402148
 1500679402657
 1500679403070
 1500679403298
 1500679403384
 1500679403989
 1500679404570
 1500679406364
 1500679406457
 1500679407907
 1500679408056
 1500679408501
 1500679408551
 1500679408559
 1500679409198
 1500679409677
 1500679409701
 1500679409822
 1500679410359
 1500679410549
 1500679410741
 1500679411569
 1500679411605
 1500679411634
 1500679411639
 1500679411915
 1500679412065
 1500679412134
 1500679412202
 1500679412323
 1500679412614
 1500679413565
 1500679413836
 1500679413878
 1500679414099
 1500679414510
 1500679416242
 1500679416429
 1500679416602
 1500679417218
 1500679417730
 1500679417732
 1500679417915
 1500679418315
 1500679420028
 1500679420360
 1500679420690
 1500679420871
 1500679420895
 1500679421730
 1500679421955
 1500679422173
 1500679422955
 1500679423118
 1500679423481
 1500679423590
 1500679423801
 1500679424090
 1500679424263
 1500679424397
 1500679425013
 1500679425232
 1500679425261
 1500679425450
 1500679425560
 1500679426555
 1500679426791
 1500679427211
 1500679427779
 1500679427878
 1500679428639
 1500679428679
 1500679429265
 1500679429700
 1500679431192
 1500679431422
 1500679431632
 1500679432144
 1500679432154
 1500679432681
 1500679433017
 1500679433371
 1500679433635
 1500679433639
 1500679433691
 1500679434109
 1500679434685
 1500679436253
 1500679436301
 1500679436415
 1500679436513
 1500679436528
 1500679436540
 1500679436632
 1500679436666
 1500679436724
 1500679436858
 1500679437286
 1500679437377
 1500679437411
 1500679437547
 1500679437625
 1500679437639
 1500679438623
 1500679438791
 1500679439014
 1500679439702
 1500679439870
 1500679440182
 1500679440244
 1500679440475
 1500679440716
 1500679440958
 1500679441127
 1500679441133
 1500679441255
 1500679442163
 1500679442375
 1500679442405
 1500679442437
 1500679443799
 1500679444119
 1500679444134
 1500679444633
 1500679444858
 1500679445497
 1500679445716
 1500679445770
 1500679446337
 1500679446411
 1500679446449
 1500679446459
 1500679446762
 1500679447051
 1500679447570
 1500679448693
 1500679448773
 1500679449206
 1500679449796
 1500679450052
 1500679450410
 1500679450413
 1500679450599
 1500679451531
 1500679451734
 1500679452507
 1500679453027
 1500679453487
 1500679454165
 1500679454334
 1500679454605
 1500679454849
 1500679454850
 1500679455052
 1500679455278
 1500679455369
 1500679455755
 1500679456319
 1500679456410
 1500679456427
 1500679457233
 1500679457456
 1500679457806
 1500679458935
 1500679459320
 1500679459666
 1500679459730
 1500679460146
 1500679460372
 1500679460787
 1500679460905
 1500679460941
 1500679462000
 1500679462081
 1500679462336
 1500679462391
 1500679462735
 1500679463090
 1500679463173
 1500679464360
 1500679464435
 1500679464652
 1500679465081
 1500679465107
 1500679465384
 1500679465552
 1500679465602
 1500679465802
 1500679466226
 1500679466257
 1500679466524
 1500679467033
 1500679467391
 1500679467684
 1500679467770
 1500679467883
 1500679469004
 1500679469172
 1500679469211
 1500679469501
 1500679469721
 1500679469848
 1500679469970
 1500679470379
 1500679470829
 1500679470861
 1500679471052
 1500679471930
 1500679472505
 1500679472599
 1500679472868
 1500679473102
 1500679474412
 1500679474618
 1500679474891
 1500679475244
 1500679475516
 1500679475703
 1500679476131
 1500679476183
 1500679476368
 1500679476386
 1500679476458
 1500679476500
 1500679476527
 1500679476888
 1500679476998
 1500679477039
 1500679479103
 1500679479149
 1500679479375
 1500679479457
 1500679479637
 1500679479680
 1500679479767
 1500679479773
 1500679479893
 1500679479904
 1500679479909
 1500679480230
 1500679480388
 1500679480457
 1500679480630
 1500679480806
 1500679481075
 1500679481177
 1500679481180
 1500679481214
 1500679481373
 1500679482381
 1500679482562
 1500679482760
 1500679483738
 1500679484222
 1500679484748
 1500679485096
 1500679485215
 1500679485337
 1500679485477
 1500679485629
 1500679485980
 1500679486313
 1500679486405
 1500679486847
 1500679488021
 1500679488669
 1500679489223
 1500679489648
 1500679490663
 1500679492030
 1500679492303
 1500679492429
 1500679492522
 1500679492801
 1500679492995
 1500679493406
 1500679493723
 1500679493880
 1500679493974
 1500679494280
 1500679494283
 1500679494345
 1500679494397
 1500679494667
 1500679494955
 1500679495258
 1500679495298
 1500679495362
 1500679495403
 1500679495965
 1500679496449
 1500679496686
 1500679497397
 1500679498477
 1500679498525
 1500679499005
 1500679499097
 1500679499258
 1500679499361
 1500679499501
 1500679500006
 1500679500427
 1500679501110
 1500679501386
 1500679502225
 1500679502414
 1500679502710
 1500679502852
 1500679503054
 1500679503085
 1500679503113
 1500679503136
 1500679503162
 1500679503167
 1500679504244
 1500679504555
 1500679504873
 1500679504892
 1500679505239
 1500679505448
 1500679505726
 1500679505775
 1500679505800
 1500679507093
 1500679507099
 1500679507108
 1500679507480
 1500679508138
 1500679508433
 1500679508480
 1500679508666
 1500679509212
 1500679509575
 1500679510302
 1500679510899
 1500679511207
 1500679511607
 1500679511701
 1500679513428
 1500679513705
 1500679513893
 1500679514043
 1500679514121
 1500679514161
 1500679514322
 1500679515048
 1500679515593
 1500679515779
 1500679515907
 1500679515970
 1500679517360
 1500679517456
 1500679517962
 1500679518315
 1500679518328
 1500679518631
 1500679518944
 1500679519993
 1500679520281
 1500679520650
 1500679521013
 1500679521673
 1500679522331
 1500679523030
 1500679523421
 1500679523462
 1500679523471
 1500679523920
 1500679524289
 1500679524826
 1500679525002
 1500679525229
 1500679525416
 1500679525420
 1500679525737
 1500679526210
 1500679526390
 1500679526468
 1500679527554
 1500679527788
 1500679528211
 1500679529229
 1500679529401
 1500679532737
 1500679533063
 1500679534656
 1500679536378
 1500679536431
 1500679536690
 1500679537179
 1500679537506
 1500679537742
 1500679538842
 1500679539278
 1500679540443
 1500679542722
 1500679543160
 1500679544846
 1500679553688
 1500679555195
 1500679558087
 1500679559325
 1500679560051
 1500679561478
 1500679561795
 1500679562237
 1500679562242
 1500679562246
 1500679562250
 1500679562252
 1500679562254
 1500679562256
 1500679562301
 1500679562310
 1500679562313
 1500679563223
